0.459220535865097
0.435127271201827
0.411703032326902
0.38893053121506
0.366792943137858
0.345273893388058
0.324357444414166
0.304028083351428
0.284270709936134
0.265070624790488
0.246413518065824
0.228285458432324
0.210672882403867
0.193562583986981
0.176941704643315
0.160797723555392
0.145118448185772
0.129892005120073
0.115106831184697
0.100751664830344
0.0868155377727727
0.0732877668825233
0.0601579463156319
0.0474159398776125
0.035051873613273
0.0230561286151722
0.0114193340437767
0.000132360352609711
-0.0108136872880827
-0.0214274753754089
-0.0317174482716954
-0.0416918342219806
-0.0513586511967815
-0.0607257125655899
-0.0698006326063688
-0.0785908318561456
-0.0871035423076264
-0.095345812456595
-0.103324512204698
-0.111046337622068
-0.118517815574095
-0.125745308216486
-0.13273501736268
-0.13949298872746
-0.146025116050571
-0.152337145103962
-0.158434677586189
-0.164323174907378
-0.170007961868057
-0.175494230235049
-0.180787042217498
-0.185891333846053
-0.190811918258065
-0.195553488891627
-0.200120622591153
-0.204517782627132
-0.20874932163259
-0.212819484458719
-0.216732410952083
-0.220492138655656
-0.224102605435988
-0.227567652038619
-0.230891024573857
-0.234076376934948
-0.237127273150609
-0.240047189673819
-0.242839517608732
-0.24550756487749
-0.24805455832867
-0.250483645789049
-0.252797898060327
-0.255000310862361
-0.257093806724464
-0.25908123682624
-0.260965382789406
-0.262748958421973
-0.264434611416159
-0.266024925001339
-0.267522419553296
-0.268929554161016
-0.270248728152216
-0.271482282578758
-0.272632501663099
-0.273701614206835
-0.274691794962421
-0.275605165969087
-0.276443797853935
-0.277209711099204
-0.277904877276632
-0.278531220249812
-0.279090617345445
-0.279584900494338
-0.280015857342979
-0.280385232336501
-0.280694727773805
-0.280946004835625
-0.281140684586258
-0.281280348949675
-0.281366541660724
-0.281400769192079
-0.281384501657622
-0.281319173692858
-0.281206185313018
-0.281046902749425
-0.28084265926473
-0.28059475594755
-0.280304462487117
-0.279973017928402
-0.279601631408297
-0.279191482873323
-0.278743723779365
-0.27825947777392
-0.277739841361307
-0.277185884551299
-0.276598651491609
-0.275979161084671
-0.275328407589094
-0.274647361206241
-0.273936968652276
-0.273198153716096
-0.272431817803484
-0.27163884046788
-0.270820079928078
-0.26997637357322
-0.269108538455408
-0.268217371770243
-0.267303651325617
-0.266368135999057
-0.265411566183927
-0.264434664224734
-0.263438134841882
-0.262422665546095
-0.26138892704278
-0.260337573626615
-0.259269243566582
-0.258184559481699
-0.257084128707695
-0.255968543654839
-0.254838382157171
-0.253694207813343
-0.252536570319263
-0.251366005792786
-0.25018303709062
-0.24898817411766
-0.24778191412894
-0.246564742024372
-0.24533713063648
-0.244099541011277
-0.242852422682468
-0.241596213939157
-0.240331342087197
-0.239058223704354
-0.237777264889443
-0.236488861505571
-0.23519339941764
-0.233891254724269
-0.232582793984231
-0.23126837443759
-0.229948344221626
-0.228623042581702
-0.227292800077191
-0.225957938782576
-0.22461877248385
-0.223275606870328
-0.221928739721986
-0.220578461092423
-0.219225053487573
-0.217868792040253
-0.216509944680659
-0.215148772302896
-0.213785528927651
-0.212420461861101
-0.21105381185013
-0.209685813233966
-0.208316694092313
-0.20694667639006
-0.205575976118657
-0.20420480343423
-0.202833362792519
-0.201461853080709
-0.200090467746239
-0.198719394922645
-0.197348817552523
-0.195978913507666
-0.194609855706463
-0.193241812228594
-0.191874946427119
-0.190509417037998
-0.189145378287112
-0.187782979994843
-0.186422367678274
-0.185063682651058
-0.183707062121013
-0.182352639285505
-0.181000543424653
-0.179650899992428
-0.178303830705677
-0.176959453631137
-0.175617883270464
-0.174279230643354
-0.172943603368764
-0.171611105744314
-0.170281838823881
-0.168955900493449
-0.16763338554524
-0.16631438575018
-0.164998989928724
-0.16368728402009
-0.162379351149932
-0.161075271696489
-0.159775123355246
-0.158478981202144
-0.157186917755362
-0.155899003035723
-0.15461530462573
-0.153335887727288
-0.152060815218127
-0.150790147706954
-0.149523943587383
-0.148262259090642
-0.147005148337108
-0.145752663386686
-0.14450485428806
-0.143261769126845
-0.142023454072655
-0.140789953425128
-0.139561309658916
-0.138337563467672
-0.137118753807053
-0.135904917936761
-0.134696091461657
-0.133492308371937
-0.132293601082428
-0.131100000471001
-0.12991153591613
-0.128728235333602
-0.127550125212429
-0.126377230649937
-0.12520957538609
-0.124047181837036
-0.122890071127914
-0.121738263124925
-0.120591776466687
-0.1194506285949
-0.118314835784313
-0.117184413172034
-0.116059374786183
-0.114939733573907
-0.113825501428771
-0.112716689217533
-0.111613306806329
-0.110515363086271
-0.109422865998472
-0.108335822558518
-0.107254238880387
-0.106178120199839
-0.105107470897285
-0.104042294520137
-0.10298259380467
-0.101928370697391
-0.100879626375922
-0.0998363612694327
-0.0987985750786019
-0.0977662667951383
-0.0967394347208655
-0.0957180764863757
-0.094702189069269
-0.0936917688119818
-0.0926868114392164
-0.0916873120749787
-0.090693265259235
-0.0897046649641926
-0.0887215046102158
-0.0877437770813839
-0.0867714747406988
-0.0858045894449494
-0.084843112559243
-0.083887034971208
-0.0829363471048733
-0.0819910389342403
-0.0810510999965417
-0.0801165194052049
-0.0791872858625203
-0.0782633876720204
-0.0773448127505823
-0.0764315486402512
-0.0755235825197995
-0.0746209012160177
-0.0737234912147519
-0.07283133867169
-0.0719444294228977
-0.0710627489951191
-0.070186282615836
-0.0693150152231007
-0.0684489314751434
-0.0675880157597549
-0.0667322522034587
-0.0658816246804676
-0.0650361168214359
-0.0641957120220097
-0.0633603934511778
-0.0625301440594311
-0.0617049465867302
-0.0608847835702909
-0.0600696373521856
-0.0592594900867694
-0.0584543237479317
-0.0576541201361785
-0.0568588608855484
-0.0560685274703667
-0.0552831012118402
-0.0545025632844961
-0.0537268947224697
-0.0529560764256423
-0.0521900891656339
-0.051428913591654
-0.0506725302362115
-0.0499209195206901
-0.0491740617607881
-0.0484319371718298
-0.0476945258739476
-0.0469618078971396
-0.0462337631862054
-0.0455103716055615
-0.0447916129439397
-0.0440774669189718
-0.0433679131816616
-0.042662931320747
-0.0419625008669556
-0.041266601297155
-0.0405752120384003
-0.0398883124718809
-0.0392058819367706
-0.0385278997339792
-0.0378543451298117
-0.0371851973595356
-0.0365204356308569
-0.0358600391273086
-0.0352039870115543
-0.0345522584286053
-0.0339048325089575
-0.0332616883716449
-0.0326228051272179
-0.0319881618806404
-0.0313577377341147
-0.0307315117898302
-0.0301094631526416
-0.0294915709326748
-0.0288778142478653
-0.0282681722264272
-0.0276626240092579
-0.0270611487522765
-0.0264637256286999
-0.0258703338312564
-0.0252809525743392
-0.0246955610961002
-0.0241141386604868
-0.0235366645592206
-0.0229631181137216
-0.0223934786769785
-0.0218277256353651
-0.0212658384104055
-0.0207077964604886
-0.0201535792825325
-0.0196031664136008
-0.0190565374324719
-0.018513671961161
-0.0179745496663975
-0.0174391502610577
-0.0169074535055545
-0.0163794392091845
-0.0158550872314333
-0.0153343774832411
-0.014817289928228
-0.0143038045838812
-0.0137939015227033
-0.0132875608733251
-0.0127847628215805
-0.0122854876115479
-0.0117897155465549
-0.0112974269901516
-0.0108086023670484
-0.0103232221640239
-0.00984126693079907
-0.00936271728088225
-0.00888755389238336
-0.00841575750879812
-0.00794730893976466
-0.00748218906179091
-0.0070203788189554
-0.00656185922358049
-0.00610661135687968
-0.00565461636957955
-0.00520585548251603
-0.00476030998720686
-0.00431796124639971
-0.00387879069459717
-0.00344277983855893
-0.00300991025778166
-0.00258016360495686
-0.0021535216064083
-0.00172996606250777
-0.00130947884807099
-0.000892041912734044
-0.000477637281309881
-6.62470541264579e-05
0.000342146592653793
0.000747561406731877
0.00115001505938892
0.00154952514521851
0.00194610918187671
0.00233978460984806
0.00273056879222745
0.0031184790145174
0.00350353248444104
0.00388574633176883
0.00426513760816088
0.00464172328702239
0.00501552026337325
0.00538654535373085
0.00575481529600616
0.00612034674941207
0.00648315629438442
0.00684326043251539
0.00720067558649785
0.00755541810008199
0.00790750423804286
0.00825695018615846
0.0086037720511991
0.00894798586092645
0.00928960756410322
0.00962865303051228
0.00996513805098537
0.0102990783374413
0.0106304895229333
0.0109593871617043
0.0112857867292526
0.0116097036224038
0.011931153159392
0.0122501505799494
0.0125667110454021
0.0128808496387747
0.0131925813649014
0.0135019211505448
0.013808883844521
0.0141134842178314
0.0144157369638014
0.0147156566982255
0.0150132579595176
0.0153085552088683
0.0156015628304071
0.0158922951313716
0.0161807663422795
0.0164669906171093
0.0167509820334832
0.0170327545928566
0.0173123222207116
0.0175896987667559
0.0178648980051254
0.0181379336345915
0.0184088192787734
0.0186775684863526
0.0189441947312939
0.0192087114130675
0.0194711318568772
0.0197314693138909
0.0199897369614745
0.0202459479034296
0.0205001151702347
0.0207522517192884
0.0210023704351569
0.0212504841298233
0.0214966055429405
0.0217407473420863
0.021982922123021
0.0222231424099483
0.0224614206557771
0.0226977692423874
0.022932200480897
0.0231647266119304
0.0233953598058908
0.023624112163233
0.0238509957147384
0.0240760224217915
0.0242992041766592
0.0245205528027704
0.0247400800549975
0.0249577976199397
0.0251737171162077
0.0253878500947087
0.0256002080389345
0.0258108023652486
0.0260196444231762
0.026226745495694
0.0264321167995222
0.0266357694854158
0.0268377146384583
0.0270379632783552
0.0272365263597287
0.0274334147724131
0.0276286393417503
0.0278222108288865
0.0280141399310692
0.0282044372819442
0.0283931134518541
0.0285801789481361
0.0287656442154202
0.028949519635929
0.0291318155297753
0.0293125421552628
0.0294917097091843
0.0296693283271217
0.0298454080837456
0.0300199589931142
0.0301929910089737
0.0303645140250568
0.0305345378753832
0.0307030723345572
0.0308701271180689
0.031035711882591
0.0311998362262787
0.0313625096890677
0.0315237417529723
0.031683541842383
0.0318419193243643
0.0319988835089516
0.0321544436494472
0.0323086089427173
0.0324613885294873
0.0326127914946371
0.032762826867496
0.0329115036221362
0.0330588306776671
0.0332048168985283
0.0333494710947815
0.0334928020224027
0.0336348183835729
0.0337755288269694
0.0339149419480543
0.034053066289365
0.034189910340801
0.034325482539913
0.0344597912721885
0.0345928448713386
0.0347246516195828
0.0348552197479334
0.0349845574364796
0.0351126728146698
0.0352395739615935
0.0353652689062627
0.0354897656278912
0.0356130720561751
0.0357351960715701
0.0358561455055692
0.035975928140979
0.0360945517121961
0.0362120239054799
0.0363283523592287
0.0364435446642497
0.0365576083640324
0.0366705509550185
0.0367823798868717
0.0368931025627466
0.0370027263395558
0.0371112585282368
0.0372187063940173
0.0373250771566799
0.0374303779908253
0.0375346160261353
0.0376377983476328
0.0377399319959438
0.0378410239675551
0.037941081215073
0.0380401106474802
0.0381381191303918
0.03823511348631
0.0383311004948777
0.0384260868931317
0.038520079375753
0.0386130845953184
0.0387051091625492
0.0387961596465595
0.0388862425751028
0.0389753644348186
0.0390635316714765
0.0391507506902206
0.0392370278558109
0.0393223694928662
0.0394067818861027
0.0394902712805741
0.0395728438819098
0.0396545058565505
0.0397352633319854
0.0398151223969857
0.0398940891018382
0.0399721694585779
0.0400493694412185
0.0401256949859837
0.0402011519915341
0.0402757463191962
0.0403494837931889
0.0404223702008485
0.0404944112928532
0.0405656127834459
0.040635980350657
0.0407055196365239
0.0407742362473121
0.0408421357537328
0.040909223691161
0.0409755055598512
0.041040986825153
0.041105672917725
0.0411695692337479
0.0412326811351357
0.0412950139497469
0.0413565729715939
0.0414173634610517
0.0414773906450641
0.0415366597173514
0.0415951758386145
0.0416529441367387
0.0417099697069972
0.0417662576122526
0.0418218128831573
0.041876640518353
0.0419307454846692
0.0419841327173215
0.0420368071201057
0.0420887735655951
0.0421400368953333
0.0421906019200274
0.0422404734197401
0.0422896561440806
0.042338154812394
0.0423859741139501
0.0424331187081309
0.0424795932246179
0.042525402263576
0.0425705503958399
0.0426150421630956
0.0426588820780638
0.0427020746246813
0.0427446242582801
0.042786535405768
0.0428278124658062
0.0428684598089856
0.0429084817780042
0.0429478826878416
0.0429866668259325
0.0430248384523411
0.0430624017999317
0.0430993610745407
0.043135720455146
0.0431714840940366
0.0432066561169803
0.0432412406233902
0.043275241686492
0.0433086633534881
0.0433415096457216
0.0433737845588403
0.0434054920629582
0.0434366361028163
0.043467220597944
0.0434972494428172
0.0435267265070173
0.043555655635388
0.0435840406481923
0.0436118853412675
0.0436391934861802
0.0436659688303796
0.04369221509735
0.0437179359867629
0.0437431351746278
0.0437678163134419
0.0437919830323393
0.0438156389372391
0.0438387876109925
0.0438614326135293
0.0438835774820029
0.0439052257309355
0.0439263808523611
0.0439470463159689
0.0439672255692443
0.043986922037611
0.0440061391245702
0.0440248802118405
0.0440431486594962
0.0440609478061048
0.0440782809688639
0.0440951514437366
0.0441115625055875
0.0441275174083158
0.0441430193849899
0.0441580716479784
0.0441726773890837
0.0441868397796714
0.0442005619708013
0.0442138470933562
0.0442266982581705
0.0442391185561584
0.04425111105844
0.044262678816468
0.0442738248621526
0.0442845522079866
0.0442948638471686
0.0443047627537265
0.0443142518826387
0.0443233341699573
0.0443320125329269
0.0443402898701058
0.044348169061485
0.0443556529686056
0.0443627444346783
0.0443694462846987
0.0443757613255642
0.0443816923461896
0.0443872421176216
0.0443924133931525
0.0443972089084346
0.0444016313815914
0.0444056835133308
0.0444093679870548
0.0444126874689716
0.0444156446082038
0.0444182420368987
0.0444204823703363
0.0444223682070361
0.0444239021288657
0.0444250867011458
0.0444259244727567
0.044426417976243
0.044426569727917
0.0444263822279643
0.0444258579605452
0.044424999393897
0.0444238089804374
0.0444222891568633
0.0444204423442526
0.0444182709481636
0.0444157773587338
0.0444129639507791
0.0444098330838909
0.0444063871025336
0.0444026283361416
0.0443985590992146
0.0443941816914132
0.0443894983976541
0.0443845114882036
0.0443792232187717
0.0443736358306046
0.0443677515505777
0.044361572591286
0.0443551011511375
0.0443483394144413
0.0443412895514997
0.0443339537186964
0.0443263340585856
0.0443184326999805
0.0443102517580407
0.0443017933343603
0.0442930595170528
0.0442840523808388
0.0442747739871305
0.044265226384117
0.0442554116068488
0.0442453316773211
0.0442349886045576
0.0442243843846935
0.044213521001057
0.0442024004242516
0.0441910246122371
0.0441793955104099
0.0441675150516838
0.0441553851565694
0.044143007733253
0.0441303846776751
0.0441175178736089
0.0441044091927379
0.0440910604947325
0.0440774736273267
0.044063650426395
0.0440495927160269
0.0440353023086025
0.0440207810048672
0.0440060305940059
0.0439910528537167
0.0439758495502833
0.0439604224386492
0.0439447732624883
0.0439289037542781
0.0439128156353701
0.0438965106160617
0.0438799903956648
0.0438632566625773
0.0438463110943527
0.0438291553577678
0.0438117911088925
0.0437942199931573
0.0437764436454216
0.0437584636900403
0.0437402817409312
0.0437218994016411
0.0437033182654117
0.0436845399152459
0.0436655659239715
0.0436463978543077
0.0436270372589276
0.0436074856805236
0.0435877446518695
0.043567815695885
0.0435477003256971
0.0435274000447028
0.0435069163466312
0.0434862507156046
0.0434654046261996
0.0434443795435076
0.0434231769231953
0.0434017982115646
0.0433802448456118
0.0433585182530872
0.0433366198525525
0.043314551053441
0.0432923132561143
0.0432699078519199
0.043247336223249
0.043224599743593
0.0432016997775996
0.0431786376811296
0.0431554148013121
0.0431320324766002
0.0431084920368257
0.0430847948032541
0.0430609420886387
0.0430369351972744
0.0430127754250518
0.0429884640595095
0.0429640023798887
0.0429393916571839
0.0429146331541961
0.0428897281255846
0.0428646778179187
0.0428394834697285
0.042814146311556
0.0427886675660058
0.0427630484477951
0.0427372901638037
0.0427113939131241
0.0426853608871093
0.0426591922694236
0.0426328892360901
0.0426064529555389
0.042579884588656
0.0425531852888304
0.0425263562020012
0.0424993984667054
0.0424723132141242
0.0424451015681294
0.0424177646453301
0.0423903035551182
0.0423627193997134
0.0423350132742103
0.0423071862666212
0.042279239457922
0.0422511739220967
0.0422229907261809
0.0421946909303063
0.042166275587744
0.0421377457449471
0.042109102441595
0.0420803467106351
0.0420514795783257
0.042022502064278
0.0419934151814982
0.0419642199364286
0.0419349173289899
0.0419055083526213
0.041875993994322
0.0418463752346914
0.0418166530479698
0.0417868284020778
0.0417569022586566
0.0417268755731078
0.0416967492946319
0.0416665243662676
0.0416362017249309
0.0416057823014535
0.0415752670206207
0.04154465680121
0.0415139525560283
0.0414831551919501
0.0414522656099537
0.0414212847051599
0.0413902133668672
0.0413590524785896
0.041327802918092
0.0412964655574271
0.0412650412629708
0.0412335308954578
0.0412019353100175
0.0411702553562087
0.041138491878055
0.0411066457140791
0.0410747176973376
0.0410427086554554
0.041010619410659
0.0409784507798121
0.0409462035744472
0.0409138786008
0.0408814766598431
0.040848998547318
0.0408164450537684
0.040783816964573
0.0407511150599775
0.0407183401151266
0.0406854929000965
0.0406525741799262
0.0406195847146495
0.0405865252593253
0.0405533965640709
0.0405201993740901
0.0404869344297061
0.0404536024663914
0.0404202042147977
0.0403867404007871
0.0403532117454607
0.0403196189651897
0.040285962771644
0.0402522438718221
0.0402184629680805
0.0401846207581618
0.0401507179352248
0.0401167551878722
0.0400827332001793
0.0400486526517226
0.0400145142176074
0.0399803185684961
0.0399460663706362
0.0399117582858869
0.0398773949717477
0.0398429770813845
0.0398085052636575
0.039773980163148
0.0397394024201844
0.0397047726708693
0.0396700915471059
0.0396353596766242
0.0396005776830065
0.0395657461857139
0.0395308658001118
0.0394959371374953
0.0394609608051147
0.0394259374062004
0.0393908675399887
0.0393557518017461
0.0393205907827939
0.0392853850705333
0.0392501352484692
0.0392148418962351
0.0391795055896172
0.0391441269005776
0.0391087063972785
0.0390732446441068
0.0390377422016954
0.0390021996269492
0.0389666174730663
0.0389309962895618
0.0388953366222913
0.038859639013472
0.0388239040017074
0.0387881321220082
0.0387523239058151
0.0387164798810217
0.0386806005719952
0.0386446864995997
0.0386087381812169
0.0385727561307684
0.038536740858737
0.0385006928721879
0.0384646126747902
0.0384285007668377
0.0383923576452704
0.0383561838036948
0.0383199797324044
0.0382837459184013
0.0382474828454157
0.0382111909939261
0.0381748708411805
0.0381385228612153
0.0381021475248763
0.0380657452998375
0.0380293166506213
0.0379928620386181
0.0379563819221058
0.0379198767562683
0.0378833469932159
0.0378467930820037
0.0378102154686502
0.037773614596157
0.0377369909045266
0.037700344830782
0.0376636768089842
0.0376269872702508
0.0375902766427748
0.0375535453518424
0.0375167938198503
0.0374800224663247
0.0374432317079386
0.0374064219585292
0.0373695936291162
0.0373327471279185
0.0372958828603717
0.037259001229146
0.0372221026341621
0.0371851874726096
0.0371482561389628
0.0371113090249979
0.0370743465198099
0.0370373690098293
0.0370003768788376
0.0369633705079851
0.0369263502758062
0.0368893165582357
0.0368522697286254
0.0368152101577594
0.0367781382138705
0.0367410542626558
0.0367039586672923
0.0366668517884527
0.0366297339843205
0.0365926056106058
0.0365554670205603
0.036518318564993
0.0364811605922844
0.0364439934484022
0.0364068174769165
0.0363696330190134
0.0363324404135113
0.0362952399968738
0.0362580321032263
0.0362208170643685
0.0361835952097897
0.0361463668666833
0.0361091323599607
0.0360718920122648
0.0360346461439853
0.0359973950732712
0.0359601391160459
0.03592287858602
0.0358856137947057
0.0358483450514294
0.0358110726633466
0.0357737969354543
0.0357365181706037
0.0356992366695158
0.0356619527307917
0.0356246666509278
0.035587378724328
0.0355500892433163
0.0355127984981503
0.0354755067770334
0.035438214366128
0.0354009215495677
0.03536362860947
0.0353263358259487
0.0352890434771259
0.0352517518391455
0.0352144611861835
0.0351771717904621
0.0351398839222604
0.0351025978499269
0.0350653138398916
0.0350280321566776
0.0349907530629123
0.0349534768193403
0.0349162036848342
0.0348789339164064
0.0348416677692205
0.0348044054966026
0.0347671473500528
0.0347298935792566
0.0346926444320957
0.0346554001546597
0.0346181609912564
0.0345809271844232
0.0345436989749388
0.034506476601832
0.0344692603023952
0.0344320503121922
0.0343948468650717
0.0343576501931758
0.0343204605269514
0.0342832780951605
0.0342461031248908
0.0342089358415655
0.0341717764689542
0.0341346252291831
0.0340974823427439
0.034060348028506
0.0340232225037244
0.0339861059840514
0.033948998683545
0.03391190081468
0.0338748125883568
0.0338377342139119
0.033800665899127
0.0337636078502385
0.0337265602719477
0.03368952336743
0.0336524973383435
0.0336154823848397
0.0335784787055721
0.0335414864977052
0.0335045059569241
0.0334675372774438
0.0334305806520175
0.0333936362719466
0.0333567043270892
0.0333197850058684
0.0332828784952823
0.0332459849809122
0.0332091046469311
0.0331722376761131
0.0331353842498413
0.0330985445481168
0.0330617187495674
0.0330249070314555
0.0329881095696871
0.0329513265388197
0.0329145581120713
0.032877804461328
0.0328410657571521
0.0328043421687914
0.0327676338641861
0.0327309410099775
0.0326942637715159
0.0326576023128684
0.0326209567968273
0.0325843273849174
0.0325477142374042
0.0325111175133016
0.0324745373703796
0.032437973965172
0.0324014274529844
0.0323648979879009
0.0323283857227923
0.0322918908093242
0.032255413397963
0.0322189536379844
0.0321825116774801
0.0321460876633663
0.0321096817413894
0.0320732940561342
0.0320369247510309
0.0320005739683626
0.0319642418492711
0.0319279285337658
0.0318916341607296
0.0318553588679255
0.0318191027920051
0.0317828660685136
0.0317466488318982
0.0317104512155137
0.0316742733516303
0.0316381153714396
0.0316019774050615
0.0315658595815511
0.0315297620289048
0.0314936848740673
0.031457628242938
0.0314215922603772
0.0313855770502129
0.0313495827352473
0.0313136094372627
0.0312776572770281
0.0312417263743056
0.0312058168478562
0.031169928815447
0.031134062393856
0.031098217698879
0.0310623948453364
0.0310265939470776
0.0309908151169881
0.0309550584669961
0.0309193241080765
0.0308836121502591
0.0308479227026322
0.0308122558733511
0.0307766117696409
0.0307409904978051
0.0307053921632288
0.0306698168703871
0.0306342647228481
0.0305987358232804
0.0305632302734576
0.0305277481742649
0.0304922896257039
0.0304568547268979
0.0304214435760985
0.0303860562706892
0.0303506929071929
0.030315353581276
0.0302800383877535
0.0302447474205953
0.030209480772931
0.0301742385370549
0.0301390208044314
0.0301038276657004
0.0300686592106823
0.0300335155283826
0.0299983967069983
0.0299633028339212
0.0299282339957447
0.0298931902782671
0.029858171766498
0.0298231785446628
0.0297882106962067
0.0297532683038009
0.0297183514493467
0.0296834602139805
0.0296485946780787
0.0296137549212622
0.029578941022401
0.0295441530596199
0.0295093911103017
0.0294746552510931
0.0294399455579084
0.0294052621059348
0.0293706049696367
0.02933597422276
0.0293013699383367
0.02926679218869
0.0292322410454375
0.0291977165794974
0.0291632188610907
0.0291287479597475
0.0290943039443105
0.0290598868829393
0.0290254968431149
0.0289911338916436
0.0289567980946621
0.0289224895176406
0.0288882082253879
0.0288539542820551
0.0288197277511398
0.0287855286954903
0.0287513571773098
0.0287172132581602
0.0286830969989665
0.0286490084600203
0.0286149477009842
0.0285809147808961
0.0285469097581721
0.0285129326906116
0.0284789836354002
0.0284450626491144
0.0284111697877249
0.0283773051066009
0.0283434686605133
0.0283096605036392
0.0282758806895648
0.0282421292712901
0.028208406301232
0.0281747118312281
0.0281410459125405
0.0281074085958593
0.0280737999313066
0.0280402199684395
0.0280066687562541
0.027973146343189
0.027939652777129
0.0279061881054083
0.0278727523748141
0.0278393456315901
0.0278059679214404
0.0277726192895322
0.0277392997804994
0.0277060094384467
0.027672748306952
0.0276395164290704
0.0276063138473374
0.027573140603772
0.0275399967398802
0.0275068822966585
0.0274737973145965
0.0274407418336807
0.0274077158933979
0.0273747195327376
0.027341752790196
0.0273088157037787
0.0272759083110039
0.0272430306489057
0.0272101827540371
0.0271773646624729
0.0271445764098134
0.0271118180311868
0.0270790895612521
0.0270463910342032
0.0270137224837705
0.026981083943225
0.0269484754453806
0.0269158970225973
0.0268833487067843
0.0268508305294024
0.0268183425214674
0.0267858847135525
0.0267534571357919
0.0267210598178829
0.026688692789089
0.0266563560782428
0.0266240497137486
0.0265917737235852
0.0265595281353093
0.0265273129760569
0.0264951282725473
0.0264629740510851
0.0264308503375635
0.026398757157466
0.0263666945358701
0.0263346624974493
0.026302661066476
0.0262706902668241
0.0262387501219715
0.0262068406550025
0.0261749618886111
0.0261431138451026
0.0261112965463968
0.0260795100140301
0.0260477542691588
0.02601602933256
0.0259843352246363
0.0259526719654161
0.0259210395745572
0.0258894380713495
0.0258578674747166
0.0258263278032187
0.0257948190750545
0.0257633413080644
0.0257318945197321
0.0257004787271875
0.0256690939472086
0.0256377401962239
0.0256064174903151
0.0255751258452188
0.0255438652763294
0.0255126357987009
0.0254814374270491
0.0254502701757544
0.0254191340588635
0.0253880290900917
0.0253569552828255
0.0253259126501239
0.0252949012047219
0.0252639209590311
0.0252329719251435
0.0252020541148321
0.025171167539554
0.0251403122104523
0.0251094881383579
0.0250786953337919
0.0250479338069678
0.0250172035677931
0.0249865046258717
0.0249558369905057
0.0249252006706976
0.0248945956751525
0.0248640220122796
0.0248334796901945
0.0248029687167211
0.0247724890993938
0.0247420408454591
0.0247116239618776
0.0246812384553264
0.0246508843322
0.0246205615986137
0.0245902702604038
0.024560010323131
0.0245297817920811
0.0244995846722677
0.0244694189684336
0.0244392846850529
0.0244091818263324
0.024379110396214
0.0243490703983761
0.0243190618362355
0.0242890847129492
0.0242591390314163
0.0242292247942795
0.024199342003927
0.0241694906624946
0.0241396707718664
0.024109882333678
0.0240801253493166
0.0240503998199243
0.0240207057463986
0.0239910431293945
0.0239614119693263
0.0239318122663689
0.0239022440204602
0.0238727072313017
0.0238432018983611
0.023813728020873
0.0237842855978415
0.0237548746280412
0.0237254951100187
0.0236961470420947
0.0236668304223649
0.0236375452487024
0.0236082915187584
0.0235790692299645
0.0235498783795336
0.0235207189644621
0.0234915909815305
0.0234624944273059
0.0234334292981431
0.0234043955901856
0.0233753932993681
0.0233464224214169
0.0233174829518525
0.0232885748859899
0.023259698218941
0.0232308529456152
0.0232020390607218
0.0231732565587705
0.0231445054340735
0.0231157856807465
0.0230870972927102
0.0230584402636917
0.0230298145872263
0.0230012202566578
0.0229726572651411
0.022944125605643
0.022915625270943
0.0228871562536359
0.0228587185461321
0.0228303121406593
0.0228019370292637
0.0227735932038118
0.0227452806559906
0.0227169993773104
0.0226887493591046
0.0226605305925321
0.022632343068578
0.0226041867780552
0.0225760617116049
0.0225479678596991
0.0225199052126408
0.0224918737605655
0.0224638734934429
0.0224359044010775
0.02240796647311
0.0223800596990185
0.0223521840681204
0.0223243395695721
0.0222965261923713
0.0222687439253585
0.0222409927572168
0.0222132726764742
0.0221855836715046
0.0221579257305284
0.0221302988416141
0.0221027029926797
0.022075138171493
0.0220476043656735
0.0220201015626931
0.0219926297498772
0.0219651889144063
0.0219377790433163
0.0219104001235003
0.0218830521417093
0.0218557350845535
0.0218284489385028
0.021801193689889
0.0217739693249057
0.0217467758296099
0.021719613189923
0.0216924813916319
0.0216653804203898
0.0216383102617174
0.021611270901004
0.0215842623235083
0.0215572845143593
0.0215303374585581
0.0215034211409778
0.0214765355463651
0.0214496806593413
0.0214228564644032
0.0213960629459238
0.0213693000881537
0.0213425678752218
0.0213158662911365
0.0212891953197863
0.0212625549449408
0.021235945150252
0.0212093659192548
0.0211828172353684
0.0211562990818967
0.0211298114420293
0.0211033542988431
0.0210769276353021
0.0210505314342594
0.021024165678457
0.0209978303505277
0.0209715254329954
0.0209452509082761
0.0209190067586789
0.0208927929664066
0.0208666095135567
0.0208404563821227
0.0208143335539939
0.0207882410109574
0.0207621787346982
0.0207361467068003
0.0207101449087476
0.0206841733219244
0.0206582319276166
0.0206323207070125
0.020606439641203
0.0205805887111835
0.0205547678978537
0.0205289771820189
0.0205032165443907
0.0204774859655876
0.0204517854261364
0.0204261149064719
0.0204004743869387
0.0203748638477916
0.0203492832691963
0.0203237326312299
0.0202982119138824
0.0202727210970569
0.0202472601605702
0.0202218290841541
0.0201964278474556
0.0201710564300381
0.0201457148113818
0.0201204029708844
0.0200951208878621
0.0200698685415501
0.0200446459111035
0.0200194529755976
0.0199942897140292
0.0199691561053168
0.0199440521283014
0.0199189777617476
0.0198939329843434
0.0198689177747021
0.0198439321113618
0.0198189759727869
0.0197940493373681
0.0197691521834238
0.0197442844892003
0.0197194462328723
0.019694637392544
0.0196698579462496
0.0196451078719536
0.0196203871475522
0.0195956957508731
0.0195710336596766
0.0195464008516561
0.0195217973044388
0.0194972229955864
0.0194726779025955
0.0194481620028981
0.0194236752738628
0.0193992176927949
0.019374789236937
0.01935038988347
0.0193260196095132
0.0193016783921253
0.0192773662083045
0.01925308303499
0.0192288288490615
0.0192046036273403
0.0191804073465901
0.019156239983517
0.0191321015147707
0.0191079919169445
0.0190839111665763
0.0190598592401486
0.0190358361140899
0.0190118417647745
0.0189878761685234
0.0189639393016046
0.018940031140234
0.0189161516605756
0.0188923008387424
0.0188684786507964
0.0188446850727496
0.0188209200805644
0.018797183650154
0.0187734757573829
0.0187497963780678
0.0187261454879774
0.0187025230628338
0.0186789290783123
0.0186553635100419
0.0186318263336066
0.0186083175245449
0.0185848370583508
0.0185613849104743
0.0185379610563219
0.0185145654712567
0.0184911981305995
0.0184678590096285
0.0184445480835808
0.0184212653276519
0.0183980107169967
0.0183747842267296
0.0183515858319257
0.0183284155076202
0.0183052732288099
0.0182821589704526
0.0182590727074687
0.0182360144147408
0.0182129840671143
0.0181899816393982
0.0181670071063651
0.0181440604427521
0.0181211416232606
0.0180982506225575
0.0180753874152749
0.0180525519760111
0.0180297442793306
0.0180069642997649
0.0179842120118126
0.0179614873899399
0.0179387904085814
0.0179161210421397
0.0178934792649866
0.0178708650514631
0.0178482783758798
0.0178257192125176
0.0178031875356276
0.0177806833194322
0.0177582065381247
0.0177357571658702
0.017713335176806
0.0176909405450414
0.0176685732446595
0.0176462332497155
0.0176239205342386
