-0.0530654479541863
-0.0680121390866925
-0.0829203622736079
-0.0977900290457258
-0.112621051987146
-0.127413344733145
-0.142166821968013
-0.156881399422871
-0.171556993873467
-0.186193523137939
-0.200790906074573
-0.215349062579513
-0.229867913584466
-0.244347381054383
-0.258787387985102
-0.27318785840099
-0.287548717352547
-0.301869890913997
-0.316151306180848
-0.330392891267438
-0.344594575304463
-0.358756288436469
-0.372877961819343
-0.38695952761776
-0.401000919002636
-0.415002070148533
-0.428962916231075
-0.442883393424305
-0.456763438898065
-0.470602990815323
-0.484401988329502
-0.498160371581772
-0.511878081698343
-0.525555060787718
-0.539191251937953
-0.552786599213874
-0.566341047654288
-0.579854543269182
-0.593327033036884
-0.606758464901239
-0.620148787768728
-0.633497951505609
-0.646805906935013
-0.660072605834041
-0.673298000930826
-0.686482045901605
-0.699624695367752
-0.712725904892807
-0.725785630979486
-0.738803831066672
-0.751780463526404
-0.764715487660839
-0.777608863699196
-0.790460552794704
-0.803270517021514
-0.816038719371615
-0.828765123751726
-0.841449694980167
-0.854092398783745
-0.866693201794592
-0.879252071547017
-0.891768976474325
-0.904243885905636
-0.916676770062688
-0.929067600056634
-0.941416347884817
-0.953722986427524
-0.965987489444769
-0.978209831573002
-0.990389988321881
-1.00252793607096
-1.01462365206641
-1.02667711441774
-1.03868830209444
-1.05065719492272
-1.06258377358213
-1.07446801960223
-1.08630991535927
-1.09810944407278
-1.10986658980225
-1.12158133744371
-1.13325367272638
-1.14488358220923
-1.15647105327761
-1.16801607413984
-1.17951863382376
-1.1909787221733
-1.20239632984509
-1.21377144830496
-1.2251040698245
-1.23639418747763
-1.24764179513709
-1.258846887471
-1.27000945993936
-1.28112950879056
-1.29220703105791
-1.30324202455609
-1.3142344878777
-1.32518442038972
-1.33609182222998
-1.34695669430366
-1.35777903827974
-1.36855885658748
-1.37929615241287
-1.38999092969509
-1.40064319312295
-1.41125294813137
-1.42182020089777
-1.43234495833855
-1.44282722810548
-1.45326701858218
-1.46366433888051
-1.47401919883699
-1.48433160900924
-1.4946015806724
-1.50482912581547
-1.51501425713784
-1.52515698804555
-1.53525733264786
-1.54531530575349
-1.55533092286711
-1.56530420018572
-1.57523515459505
-1.5851238036659
-1.59497016565061
-1.6047742594794
-1.61453610475674
-1.62425572175778
-1.63393313142471
-1.64356835536314
-1.65316141583851
-1.66271233577242
-1.67222113873907
-1.68168784896158
-1.69111249130845
-1.70049509128984
-1.70983567505403
-1.71913426938376
-1.72839090169265
-1.73760560002149
-1.74677839303476
-1.75590931001687
-1.76499838086864
-1.77404563610364
-1.78305110684459
-1.79201482481973
-1.80093682235922
-1.80981713239153
-1.8186557884398
-1.82745282461829
-1.83620827562871
-1.84492217675665
-1.85359456386797
-1.86222547340521
-1.87081494238396
-1.87936300838929
-1.88786970957215
-1.89633508464578
-1.90475917288213
-1.91314201410825
-1.92148364870273
-1.92978411759211
-1.9380434622473
-1.94626172468003
-1.95443894743926
-1.96257517360761
-1.97067044679782
-1.97872481114916
-1.98673831132392
-1.99471099250382
-2.00264290038647
-2.01053408118184
-2.01838458160874
-2.02619444889122
-2.03396373075514
-2.04169247542453
-2.04938073161818
-2.05702854854607
-2.06463597590584
-2.07220306387934
-2.0797298631291
-2.08721642479483
-2.09466280048994
-2.10206904229806
-2.10943520276955
-2.11676133491806
-2.12404749221702
-2.13129372859619
-2.13850009843824
-2.14566665657524
-2.15279345828529
-2.159880559289
-2.16692801574615
-2.17393588425217
-2.18090422183483
-2.1878330859507
-2.19472253448187
-2.20157262573249
-2.20838341842534
-2.21515497169856
-2.22188734510214
-2.22858059859466
-2.23523479253983
-2.24184998770324
-2.24842624524891
-2.25496362673599
-2.26146219411546
-2.26792200972674
-2.27434313629441
-2.28072563692488
-2.2870695751031
-2.29337501468925
-2.29964201991547
-2.30587065538254
-2.31206098605668
-2.31821307726618
-2.32432699469825
-2.33040280439568
-2.33644057275368
-2.3424403665166
-2.3484022527747
-2.35432629896095
-2.36021257284784
-2.36606114254415
-2.37187207649179
-2.37764544346258
-2.38338131255512
-2.3890797531916
-2.39474083511463
-2.40036462838415
-2.40595120337423
-2.41150063076999
-2.41701298156443
-2.42248832705538
-2.42792673884236
-2.43332828882347
-2.43869304919238
-2.44402109243517
-2.44931249132733
-2.45456731893067
-2.45978564859029
-2.46496755393153
-2.47011310885698
-2.47522238754341
-2.48029546443883
-2.4853324142594
-2.49033331198652
-2.49529823286386
-2.50022725239431
-2.5051204463371
-2.50997789070483
-2.51479966176049
-2.51958583601462
-2.52433649022229
-2.52905170138025
-2.53373154672406
-2.53837610372512
-2.54298545008784
-2.54755966374679
-2.55209882286381
-2.55660300582516
-2.56107229123871
-2.56550675793109
-2.56990648494489
-2.57427155153584
-2.57860203717002
-2.58289802152107
-2.58715958446742
-2.59138680608955
-2.59557976666717
-2.59973854667655
-2.60386322678774
-2.60795388786187
-2.61201061094843
-2.61603347728257
-2.6200225682824
-2.62397796554635
-2.62789975085043
-2.63178800614565
-2.63564281355533
-2.63946425537245
-2.64325241405707
-2.64700737223366
-2.65072921268856
-2.65441801836732
-2.65807387237217
-2.66169685795943
-2.66528705853693
-2.66884455766148
-2.67236943903635
-2.6758617865087
-2.67932168406708
-2.68274921583896
-2.68614446608817
-2.68950751921248
-2.69283845974106
-2.69613737233207
-2.69940434177022
-2.70263945296427
-2.70584279094466
-2.70901444086104
-2.71215448797993
-2.71526301768225
-2.71834011546099
-2.72138586691882
-2.72440035776572
-2.72738367381664
-2.73033590098915
-2.73325712530112
-2.73614743286839
-2.7390069099025
-2.74183564270833
-2.74463371768187
-2.74740122130794
-2.7501382401579
-2.75284486088742
-2.75552117023426
-2.75816725501596
-2.76078320212776
-2.76336909854025
-2.76592503129727
-2.76845108751369
-2.77094735437323
-2.77341391912634
-2.77585086908798
-2.77825829163556
-2.78063627420675
-2.78298490429739
-2.78530426945938
-2.78759445729859
-2.78985555547276
-2.79208765168943
-2.79429083370392
-2.79646518931721
-2.79861080637395
-2.80072777276042
-2.80281617640251
-2.80487610526372
-2.80690764734314
-2.80891089067351
-2.81088592331919
-2.81283283337427
-2.81475170896054
-2.81664263822563
-2.818505709341
-2.82034101050008
-2.82214862991635
-2.82392865582144
-2.82568117646323
-2.82740628010401
-2.82910405501856
-2.83077458949238
-2.83241797181977
-2.83403429030206
-2.83562363324573
-2.83718608896066
-2.83872174575831
-2.84023069194989
-2.84171301584467
-2.84316880574814
-2.84459814996029
-2.84600113677386
-2.84737785447261
-2.84872839132959
-2.85005283560541
-2.85135127554661
-2.85262379938387
-2.85387049533041
-2.85509145158029
-2.85628675630674
-2.85745649766053
-2.85860076376835
-2.85971964273112
-2.86081322262246
-2.86188159148701
-2.86292483733889
-2.86394304816006
-2.86493631189882
-2.86590471646815
-2.86684834974427
-2.86776729956498
-2.86866165372822
-2.86953149999052
-2.87037692606546
-2.8711980196222
-2.87199486828397
-2.87276755962662
-2.87351618117711
-2.87424082041208
-2.87494156475637
-2.87561850158162
-2.8762717182048
-2.87690130188683
-2.87750733983113
-2.87808991918225
-2.87864912702446
-2.87918505038039
-2.87969777620966
-2.8801873914075
-2.88065398280342
-2.88109763715985
-2.88151844117084
-2.88191648146073
-2.88229184458281
-2.88264461701807
-2.88297488517388
-2.88328273538269
-2.88356825390082
-2.88383152690714
-2.88407264050184
-2.88429168070521
-2.88448873345637
-2.88466388461206
-2.88481721994546
-2.88494882514492
-2.88505878581285
-2.88514718746446
-2.88521411552662
-2.88525965533671
-2.88528389214142
-2.88528691109566
-2.88526879726135
-2.88522963560637
-2.8851695110034
-2.88508850822881
-2.88498671196154
-2.88486420678209
-2.88472107717132
-2.8845574075095
-2.88437328207515
-2.88416878504403
-2.8839440004881
-2.88369901237446
-2.88343390456431
-2.88314876081201
-2.88284366476397
-2.88251869995772
-2.88217394982086
-2.88180949767015
-2.88142542671049
-2.88102182003393
-2.88059876061878
-2.8801563313286
-2.87969461491132
-2.87921369399823
-2.87871365110313
-2.87819456862141
-2.87765652882911
-2.87709961388202
-2.87652390581484
-2.87592948654027
-2.87531643784811
-2.87468484140449
-2.87403477875089
-2.8733663313034
-2.87267958035184
-2.87197460705891
-2.87125149245941
-2.87051031745941
-2.86975116283542
-2.86897410923364
-2.86817923716914
-2.86736662702509
-2.86653635905198
-2.86568851336687
-2.86482316995262
-2.86394040865714
-2.86304030919265
-2.86212295113496
-2.86118841392276
-2.86023677685683
-2.85926811909944
-2.85828251967352
-2.85728005746209
-2.85626081120751
-2.85522485951077
-2.85417228083092
-2.85310315348428
-2.8520175556439
-2.85091556533884
-2.84979726045355
-2.84866271872722
-2.84751201775321
-2.84634523497834
-2.84516244770237
-2.84396373307733
-2.84274916810696
-2.84151882964611
-2.84027279440013
-2.83901113892435
-2.83773393962348
-2.83644127275103
-2.83513321440878
-2.83380984054624
-2.83247122696011
-2.8311174492937
-2.82974858303646
-2.82836470352346
-2.82696588593483
-2.82555220529527
-2.82412373647362
-2.82268055418225
-2.82122273297667
-2.81975034725502
-2.81826347125756
-2.8167621790663
-2.8152465446044
-2.81371664163589
-2.81217254376507
-2.81061432443616
-2.80904205693283
-2.8074558143778
-2.80585566973239
-2.80424169579613
-2.80261396520635
-2.80097255043776
-2.79931752380209
-2.79764895744767
-2.79596692335904
-2.79427149335664
-2.79256273909635
-2.79084073206918
-2.78910554360092
-2.78735724485175
-2.78559590681593
-2.78382160032142
-2.7820343960296
-2.7802343644349
-2.77842157586449
-2.77659610047797
-2.77475800826705
-2.77290736905526
-2.77104425249763
-2.7691687280804
-2.76728086512079
-2.7653807327666
-2.76346839999606
-2.76154393561746
-2.75960740826896
-2.7576588864183
-2.75569843836251
-2.75372613222772
-2.7517420359689
-2.7497462173696
-2.74773874404174
-2.74571968342537
-2.74368910278847
-2.74164706922669
-2.7395936496632
-2.73752891084841
-2.73545291935985
-2.7333657416019
-2.73126744380568
-2.72915809202875
-2.72703775215507
-2.72490648989469
-2.7227643707837
-2.72061146018394
-2.71844782328297
-2.71627352509381
-2.71408863045484
-2.71189320402965
-2.70968731030689
-2.70747101360013
-2.70524437804772
-2.70300746761272
-2.7007603460827
-2.69850307706967
-2.69623572400994
-2.69395835016405
-2.69167101861665
-2.68937379227634
-2.68706673387569
-2.68474990597105
-2.68242337094252
-2.68008719099385
-2.67774142815236
-2.67538614426887
-2.67302140101764
-2.67064725989631
-2.66826378222578
-2.66587102915028
-2.66346906163718
-2.66105794047704
-2.65863772628352
-2.65620847949336
-2.65377026036633
-2.65132312898523
-2.64886714525582
-2.64640236890682
-2.64392885948992
-2.64144667637971
-2.6389558787737
-2.63645652569231
-2.63394867597888
-2.63143238829963
-2.62890772114374
-2.62637473282325
-2.62383348147319
-2.62128402505149
-2.61872642133909
-2.6161607279399
-2.61358700228086
-2.61100530161195
-2.60841568300624
-2.60581820335994
-2.6032129193924
-2.60059988764618
-2.59797916448713
-2.59535080610437
-2.59271486851042
-2.59007140754119
-2.58742047885612
-2.58476213793816
-2.58209644009391
-2.57942344045366
-2.57674319397145
-2.5740557554252
-2.57136117941673
-2.5686595203719
-2.56595083254066
-2.56323516999716
-2.56051258663986
-2.55778313619158
-2.55504687219963
-2.55230384803594
-2.54955411689714
-2.54679773180464
-2.5440347456048
-2.54126521096902
-2.53848918039385
-2.53570670620114
-2.53291784053812
-2.53012263537757
-2.52732114251796
-2.5245134135835
-2.52169950002439
-2.51887945311687
-2.51605332396341
-2.51322116349285
-2.51038302246052
