-2.71003748210529e-09
-1.12871877235142e-07
-3.787392789386e-07
-7.9144123663335e-07
-1.34049854764867e-06
-2.01387803524949e-06
-2.79805361954615e-06
-3.67807402431438e-06
-4.63763688561924e-06
-5.65916900707785e-06
-6.72391248626684e-06
-7.81201641724155e-06
-8.90263385546956e-06
-9.97402371368644e-06
-1.1003657240378e-05
-1.19683287167722e-05
-1.28442699934537e-05
-1.36072684740484e-05
-1.42327881408813e-05
-1.46960932061346e-05
-1.49723739618833e-05
-1.5036874393429e-05
-1.48650211127082e-05
-1.44325531621577e-05
-1.37156522343416e-05
-1.26910728489112e-05
-1.13362720260506e-05
-9.62953799450063e-06
-7.55011747257609e-06
-5.07834106222394e-06
-2.19574629921135e-06
1.11480209308197e-06
4.86899519308881e-06
9.08096655340892e-06
1.37631829874489e-05
1.89263398919846e-05
2.45792615162874e-05
3.07288065762362e-05
3.73797795983346e-05
4.45348483638783e-05
5.21944678077037e-05
6.03568107089261e-05
6.90177054930834e-05
7.81705814459452e-05
8.78064216191962e-05
9.7913723687179e-05
0.000108478468991889
0.000119484099990762
0.000130911506298137
0.000142739019487105
0.000154942416793532
0.000167494933838458
0.000180367286459189
0.000193527701712745
0.000206941958088554
0.000220573434940085
0.000234383171117552
0.000248329932756391
0.000262370290148262
0.00027645870359377
0.000290547618108302
0.000304587566824758
0.000318527282909716
0.000332313819782249
0.000345892679398023
0.000359207948334872
0.000372202441390165
0.000384817852375086
0.000396994911766174
0.000408673550850606
0.000419793071978521
0.000430292324513303
0.000440109886049399
0.000449184248446737
0.000457454008211385
0.000464858060733887
0.000471335797879315
0.00047682730840735
0.000481273580685829
0.000484616707147799
0.000486800089930137
0.000487768647121033
0.000487469019034398
0.000485849773921576
0.000482861612524312
0.000478457570868306
0.000472593220693436
0.000465226866915059
0.000456319741510871
0.000445836193229324
0.000433743872518714
0.00042001391108109
0.00040462109546123
0.000387544034089332
0.000368765317205519
0.000348271669105531
0.00032605409216005
0.000302108002074224
0.000276433353870211
0.000249034758092979
0.000219921586758445
0.000189108068583879
0.000156613373061851
0.000122461682962743
8.66822548751441e-05
4.93094674193331e-05
1.03828567963254e-05
-3.00528606369783e-05
-7.19477790465099e-05
-0.000115246807303132
-0.000159889686886371
-0.000205811023695448
-0.000252940333920357
-0.000301202104091633
-0.000350515865392835
-0.00040079628228465
-0.000451953255453491
-0.000503892039061474
-0.00055651337223795
-0.00060971362471582
-0.00066338495647905
-0.000717415491250261
-0.000771689503610447
-0.000826087619505582
-0.000880487029857929
-0.000934761716963438
-0.000988782693319911
-0.00104241825249517
-0.00109553423160885
-0.00114799428496686
-0.00119966016835357
-0.00125039203345361
-0.00130004873184282
-0.00134848812795678
-0.0013955674204149
-0.00144114347104919
-0.00148507314095877
-0.00152721363288504
-0.00156742283917659
-0.00160555969459018
-0.0016414845331512
-0.00167505944827684
-0.00170614865534631
-0.00173461885588516
-0.00176033960251561
-0.00178318366381111
-0.00180302738818171
-0.00181975106590732
-0.00183323928842801
-0.00184338130399496
-0.00185007136878206
-0.00185320909255634
-0.00185269977800647
-0.0018484547528306
-0.00184039169369038
-0.00182843494114414
-0.0018125158046823
-0.00179257285699842
-0.00176855221664354
-0.00174040781822657
-0.00170810166934152
-0.00167160409342192
-0.00163089395774511
-0.00158595888583256
-0.00153679545351912
-0.00148340936799118
-0.00142581562912461
-0.00136403867248451
-0.00129811249338287
-0.00122808075142547
-0.0011539968550168
-0.0010759240253303
-0.000993935339291809
-0.000908113751166104
-0.00081855209237959
-0.000725353049256928
-0.000628629118395438
-0.000528502539447856
-0.000425105205132764
-0.000318578548340509
-0.000209073406252812
-9.67498614449543e-05
1.82229400094755e-05
0.000135666993358749
0.000255395662793782
0.000377213931692192
0.000500918675255353
0.000626298955255575
0.000753136336556878
0.000881205225020689
0.00101027322635485
0.00114010152541216
0.00127044528539334
0.00140105406635776
0.00153167226239534
0.00166203955676371
0.00179189139424568
0.00192095946993563
0.00204897223361639
0.00217565540884402
0.00230073252581443
0.00242392546704351
0.00254495502485339
0.00266354146961762
0.00277940512768284
0.0028922669678496
0.00300184919526162
0.00310787585152446
0.00321007341984418
0.0033081714339525
0.00340190308956132
0.00349100585706753
0.00357522209421256
0.00365429965738374
0.0037279925102324
0.00379606132827353
0.00385827409812338
0.00391440671002781
0.0039642435423316
0.00400757803654032
0.00404421326163038
0.00407396246626961
0.00409664961762086
0.00411210992541385
0.00412019034998615
0.00412075009301334
0.00411366106966955
0.00409880836098491
0.00407609064519339
0.00404542060689514
0.00400672532289089
0.00395994662358168
0.0039050414288663
0.00384198205750995
0.00377075650900215
0.00369136871696802
0.00360383877324687
0.00350820312180294
0.00340451472168725
0.00329284317832579
0.00317327484246674
0.00304591287618062
0.00291087728536852
0.00276830491829777
0.00261834942975032
0.00246118121043533
0.00229698728138727
0.00212597115313965
0.00194835264953588
0.00176436769611126
0.00157426807305185
0.00137832113281127
0.00117680948253911
0.000970030631550498
0.000758296604140792
0.000541933518124244
0.000321281129551692
9.66923441352119e-05
-0.000131467304015148
-0.000362820205665875
-0.000596977260994463
-0.000833538494559332
-0.00107209369981128
-0.00131222311217912
-0.00155349810969578
-0.00179548194006201
-0.00203773047297824
-0.00227979297651275
-0.00252121291620919
-0.00276152877557858
-0.00300027489656155
-0.00323698233849003
-0.00347117975402611
-0.00370239428050331
-0.00393015244504764
-0.00415398108181249
-0.00437340825961603
-0.00458796421823393
-0.00479718231156185
-0.00500059995583065
-0.00519775958102851
-0.00538820958365697
-0.00557150527892739
-0.00574720985048454
-0.00591489529573011
-0.00607414336480762
-0.00622454649130293
-0.00636570871271196
-0.00649724657872681
-0.00661879004539735
-0.00672998335323315
-0.00683048588732354
-0.00691997301757056
-0.00699813691714956
-0.00706468735733778
-0.0071193524768792
-0.00716187952408714
-0.00719203556992239
-0.00720960819032539
-0.00721440611612524
-0.00720625984889657
-0.00718502224118713
-0.00715056903959455
-0.00710279938922991
-0.0070416362981684
-0.00696702706055328
-0.0068789436370887
-0.00677738299172951
-0.00666236738345157
-0.00653394461206473
-0.00639218821711183
-0.0062371976289809
-0.00606909827144424
-0.00588804161492697
-0.00569420517989843
-0.00548779248987299
-0.00526903297360167
-0.00503818181613211
-0.00479551975851348
-0.0045413528460215
-0.00427601212487888
-0.00399985328755011
-0.00371325626678826
-0.00341662477871781
-0.00311038581533839
-0.00279498908693751
-0.00247090641500614
-0.00213863107634964
-0.00179867709919332
-0.00145157851218107
-0.00109788854726613
-0.000738178797596165
-0.000373038331587839
-3.07276448853049e-06
0.000371096711185391
0.000748834334850544
0.00112949082512268
0.00151240446348424
0.00189690221260294
0.00228230086746744
0.00266790823742662
0.00305302435713934
0.00343694272436902
0.00381895156248575
0.00419833510547069
0.00457437490315579
0.00494635114436954
0.0053135439956065
0.00567523495278538
0.00603070820361383
0.00637925199803637
0.00672016002420219
0.00705273278735825
0.00737627898904343
0.00769011690393625
0.00799357575169083
0.00828599706108076
0.00856673602376392
0.00883516283497701
0.00909066401847069
0.00933264373300464
0.00956052505773249
0.00977375125382663
0.00997178699971457
0.0101541195973279
0.0103202601467987
0.0104697446870767
0.0106021352999861
0.0107170211752882
0.0108140196343746
0.0108927771102705
0.0109529700816963
0.0109943059590033
0.0110165239198748
0.0110193956927607
0.0110027262861017
0.0109663546614817
0.0109101543489437
0.0108340340028001
0.0107379378963657
0.0106218463541515
0.0104857761201604
0.0103297806610394
0.0101539504029581
0.0099584129012009
0.0097433329415786
0.0095089125728924
0.00925539106980554
0.00898304482560773
0.00869218717448737
0.00838316814305605
0.00805637413100685
0.00771222752091823
0.00735118621735363
0.00697374311554254
0.00658042550006305
0.0061717943740869
0.00574844371988071
0.00531099969139626
0.00486011973991866
0.00439649167387285
0.0039208326540287
0.00343388812547149
0.00293643068784039
0.00242925890546355
0.00191319605914651
0.00138908884149553
0.000857805997777324
0.000320236914438465
-0.000222709842479313
-0.00077010803667815
-0.00132101531623878
-0.00187447481098957
-0.00242951676994488
-0.00298516023605452
-0.00354041475541315
-0.00409428211799099
-0.00464575812686806
-0.00519383439287342
-0.00573750015146348
-0.00627574409860561
-0.00680755624237299
-0.00733192976690468
-0.00784786290533309
-0.00835436081824219
-0.00885043747418231
-0.00933511752873757
-0.00980743819862091
-0.010266451127252
-0.0107112242382665
-0.0111408435734004
-0.0115544151111957
-0.0119510665629882
-0.0123299491426479
-0.0126902393065751
-0.0130311404604783
-0.0133518846295034
-0.0136517340883235
-0.0139299829478531
-0.0141859586953049
-0.0144190236843759
-0.0146285765724149
-0.0148140537015064
-0.0149749304204848
-0.0151107223449859
-0.0152209865527369
-0.0153053227113879
-0.015363374136297
-0.0153948287757918
-0.0153994201215526
-0.0153769280418814
-0.0153271795357555
-0.015250049405693
-0.0151454608475999
-0.01501338595591
-0.0148538461424733
-0.0146669124678049
-0.014452705883455
-0.0142113973844222
-0.0139432080706918
-0.0136484091171444
-0.0133273216512466
-0.012980316538104
-0.0126078140726264
-0.0122102835787278
-0.011788242915655
-0.0113422578917161
-0.010872941585851
-0.0103809535776626
-0.0098669990867038
-0.00933182802198676
-0.00877623394285711
-0.00820105293254872
-0.00760716238590255
-0.00699547971290986
-0.0063669609598983
-0.00572259935035464
-0.00506342374753183
-0.00439049704115472
-0.00370491446069035
-0.00300780181780349
-0.0023003136807674
-0.00158363148374132
-0.00085896157397072
-0.000127533200097009
0.000609403555104096
0.00135057989411192
0.00209471047261773
0.00284049561237183
0.00358662355514097
0.00433177275389336
0.00507461419723499
0.00581381376303633
0.00654803459710445
0.00727593951268753
0.00799619340653078
0.00870746568714559
0.00940843271090615
0.0100977802215418
0.0107742057885635
0.0114364212401352
0.0120831550858819
0.0127131549251216
0.0133251898360012
0.0139180527410288
0.0144905627445092
0.0150415674374124
0.0155699451652416
0.0160746072545029
0.0165545001934349
0.0170086077627095
0.017435953111884
0.0178356007774606
0.0182066586384881
0.0185482798057366
0.01885966444057
0.0191400614997517
0.0193887704025307
0.0196051426164771
0.0197885831586665
0.0199385520089469
0.0200545654321649
0.0201361972063797
0.0201830797542444
0.0201949051749019
0.0201714261739053
0.0201124568888492
0.0200178736085765
0.0198876153840065
0.0197216845288222
0.0195201470084439
0.0192831327159148
0.019010835633523
0.0187035138791898
0.0183614896368583
0.0179851489703266
0.0175749415201821
0.0171313800837038
0.0166550400778159
0.0161465588853912
0.0156066350854182
0.0150360275677632
0.0144355545334729
0.0138060923817822
0.013148574485201
0.0124639898542731
0.0117533816938081
0.0110178458525962
0.0102585291688258
0.00947662771362203
0.00867338493533219
0.00785008970737283
0.00700807428265107
0.006148712157759
0.00527341585032095
0.00438363459305579
0.00348085194828377
0.00256658334677615
0.00164237355500612
0.00070979407500924
-0.000229559518786426
-0.00117407030126684
-0.0021221027722471
-0.00307200568124328
-0.00402211489653702
-0.00497075631355602
-0.00591624879750081
-0.00685690715505518
-0.00779104512993713
-0.00871697841697876
-0.00963302768935625
-0.0105375216335438
-0.0114287999865203
-0.012305216569723
-0.0131651423142253
-0.0140069682715947
-0.0148291086048908
-0.0156300035542698
-0.0164081223716736
-0.0171619662191199
-0.0178900710251375
-0.0185910102939454
-0.0192633978620326
-0.0199058905968586
-0.0205171910324825
-0.0210960499370077
-0.0216412688068328
-0.022151702282809
-0.0226262604835139
-0.0230639112509895
-0.0234636823044182
-0.0238246632973627
-0.024146007774346
-0.0244269350227109
-0.0246667318158687
-0.0248647540442268
-0.0250204282302679
-0.0251332529244511
-0.025202799978802
-0.0252287156952685
-0.0252107218461325
-0.0251486165639861
-0.0250422750990069
-0.024891650441498
-0.024696773807893
-0.0244577549886654
-0.0241747825568268
-0.0238481239359447
-0.0234781253268622
-0.0230652114925517
-0.0226098854007965
-0.0221127277246421
-0.0215743962008271
-0.0209956248466558
-0.020377223036036
-0.019720074435668
-0.0190251358026236
-0.0182934356448187
-0.0175260727461333
-0.0167242145581906
-0.0158890954610575
-0.0150220148953759
-0.0141243353686834
-0.0131974803389192
-0.0122429319783502
-0.0112622288213849
-0.010256963299966
-0.00922877917046004
-0.00817936883617186
-0.00711047056982126
-0.00602386564052451
-0.00492137535001028
-0.00380485798299448
-0.00267620567680933
-0.00153734121555559
-0.000390214754207724
0.000763199521750383
0.00192090679543283
0.00308089507055023
0.00424113867032001
0.00539960177720235
0.00655424200726775
0.00770301401291811
0.00884387310760026
0.00997477890608256
0.0110936989738125
0.0121986124788206
0.0132875138396109
0.0143584163624497
0.0154093558614587
0.0164383942549197
0.0174436231312107
0.0184231672778213
0.0193751881669342
0.0202978873911054
0.0211895100426459
0.0220483480303725
0.0228727433274886
0.0236610911444505
0.0244118430207831
0.0251235098299332
0.025794664691376
0.0264239457843365
0.0270100590576409
0.0275517808303765
0.0280479602782146
0.0284975218004354
0.0288994672628879
0.0292528781123231
0.029556917357751
0.0298108314146957
0.0300139518084498
0.0301656967326728
0.0302655724599185
0.0303131746009356
0.030308189209841
0.0302503937325332
0.030139657795987
0.0299759438363462
0.0297593075640126
0.0294898982642212
0.0291679589318758
0.0287938262397183
0.0283679303391997
0.0278907944937205
0.0273630345442096
0.0267853582073125
0.026158564206763
0.0254835412388167
0.0247612667729248
0.023992805689131
0.0231793087539751
0.0223220109369795
0.0214222295701014
0.020481362352812
0.0195008852057648
0.0184823499762948
0.0174273819992651
0.0163376775170657
0.0152150009628192
0.0140611821111279
0.0128781131009418
0.0116677453353746
0.0104320862635474
0.00917319604975127
0.00789318413546382
0.0065942056999567
0.00527845802543661
0.00394817677286347
0.0026056321747659
0.00125312515155221
-0.000107016642023055
-0.0014724428334299
-0.00284078440501754
-0.00420965781567976
-0.00557666916433895
-0.00693941838795445
-0.008295503486676
-0.00964252476867895
-0.0109780891071626
-0.012299814201939
-0.0136053328380025
-0.0148922971334538
-0.0161583827691339
-0.0174012931923362
-0.0186187637869802
-0.0198085660026638
-0.0209685114350559
-0.0220964558501525
-0.0231903031449943
-0.0242480092375273
-0.0252675858783951
-0.0262471043775589
-0.0271846992387743
-0.0280785716950919
-0.0289269931387022
-0.0297283084386139
-0.0304809391398282
-0.0311833865378671
-0.0318342346227127
-0.0324321528864296
-0.0329758989889669
-0.0334643212768699
-0.033896361149881
-0.0342710552706611
-0.0345875376131296
-0.034845041345196
-0.0350429005419364
-0.035180551725561
-0.0352575352288159
-0.0352734963787687
-0.0352281864982375
-0.035121463722443
-0.0349532936287858
-0.0347237496779772
-0.0344330134650883
-0.0340813747794144
-0.0336692314723931
-0.0331970891331549
-0.0326655605716312
-0.0320753651094852
-0.0314273276794806
-0.0307223777342479
-0.0299615479657499
-0.0291459728370966
-0.0282768869286967
-0.0273556231010762
-0.0263836104770293
-0.0253623722460974
-0.024293523294706
-0.0231787676656026
-0.0220198958505705
-0.0208187819206899
-0.0195773804987348
-0.0182977235785855
-0.0169819171968251
-0.0156321379619777
-0.0142506294471086
-0.0128396984517765
-0.0114017111395795
-0.0099390890577758
-0.00845430504569726
-0.00694987903889102
-0.00542837377613202
-0.00389239041665019
-0.00234456407509203
-0.000787559281917683
0.000775934622918313
0.00234320815500239
0.00391153640109135
0.00547818377708807
0.00704040882002408
0.00859546900561756
0.0101406255829039
0.0116731484173842
0.0131903208340875
0.0146894444519244
0.0161678440006943
0.017622872112115
0.0190519140762662
0.0204523925548666
0.0218217722428665
0.0231575644698967
0.0244573317331981
0.0257186921537599
0.0269393238474967
0.0281169692034314
0.0292494390609927
0.0303346167786828
0.0313704621865601
0.0323550154151499
0.0332864005936052
0.0341628294101535
0.0349826045280817
0.0357441228507628
0.0364458786294687
0.0370864664079811
0.0376645837982887
0.0381790340819366
0.0386287286319016
0.0390126891501611
0.0393300497164481
0.0395800586440038
0.0397620801384753
0.0398755957564447
0.0399202056604256
0.0398956296675171
0.0398017080892652
0.0396384023606486
0.039405795456478
0.0391040920938684
0.0387336187198295
0.0382948232833909
0.0377882747920726
0.0372146626528865
0.0365747957984456
0.0358696015991405
0.0351001245627279
0.0342675248230581
0.0333730764200525
0.0324181653734153
0.0314042875529433
0.0303330463486659
0.0292061501444142
0.0280254095987765
0.0267927347377569
0.0255101318637923
0.0241797002861332
0.0228036288779185
0.021384192465599
0.0199237480566829
0.01842473091207
0.0168896504695497
0.0153210861253067
0.0137216828805564
0.0120941468606916
0.0104412407145616
0.00876577890174825
0.00707062287591408
0.00535867617250941
0.0036328794093131
0.00189620520846138
0.000151653048780337
-0.0015977559426178
-0.00334898425038071
-0.00509898327339882
-0.00684469866041837
-0.00858307566939616
-0.0103110645411439
-0.0120256258777582
-0.0137237360163044
-0.0154023923882022
-0.0170586188547682
-0.0186894710093865
-0.0202920414368153
-0.0218634649201935
-0.0234009235863774
-0.0249016519803262
-0.0263629420593654
-0.0277821480982631
-0.0291566914962113
-0.0304840654769407
-0.0317618396733744
-0.0329876645884157
-0.0341592759236536
-0.0352744987679995
-0.03633125163849
-0.0373275503657384
-0.0382615118167795
-0.0391313574483189
-0.0399354166836925
-0.0406721301071315
-0.0413400524692444
-0.0419378554979494
-0.0424643305094205
-0.0429183908139583
-0.0432990739120473
-0.0436055434762262
-0.043837091114767
-0.0439931379135413
-0.0440732357528358
-0.0440770683962741
-0.0440044523494014
-0.0438553374858917
-0.0436298074397491
-0.0433280797622842
-0.0429505058430647
-0.0424975705944587
-0.0419698918998056
-0.0413682198256733
-0.0406934355990806
-0.0399465503509827
-0.0391287036277369
-0.0382411616726838
-0.0372853154803902
-0.0362626786265111
-0.035174884876635
-0.0340236855778739
-0.032810946837357
-0.0315386464921737
-0.0302088708756907
-0.0288238113855427
-0.027385760858959
-0.0258971097614432
-0.0243603421951649
-0.0227780317337618
-0.0211528370905676
-0.019487497627593
-0.0177848287128887
-0.0160477169341982
-0.014279115177087
-0.0124820375759855
-0.0106595543468304
-0.00881478651021573
-0.00695090051417696
-0.00507110276592874
-0.00317863408205691
-0.00127676406682819
0.000631214571568942
0.00254199175691432
0.00445224582292121
0.0063586493231323
0.00825787486252059
0.0101466009405135
0.0120215177951195
0.0138793332378114
0.0157167784688204
0.017530613862509
0.0193176347125218
0.0210746769264713
0.0227986226599795
0.0244864058799891
0.0261350178473634
0.0277415125089188
0.0293030117891772
0.0308167107722845
0.0322798827647204
0.0336898842296181
0.0350441595837247
0.0363402458482606
0.0375757771451782
0.0387484890305838
0.0398562226573553
0.0408969287592823
0.0418686714493556
0.0427696318251516
0.0435981113745858
0.0443525351756551
0.0450314548841389
0.0456335515035987
0.0461576379323924
0.0466026612828034
0.0469677049677842
0.0472519905512167
0.0474548793580069
0.0475758738407478
0.0476146187001163
0.0475709017565963
0.0474446545715648
0.0472359528162114
0.0469450163872145
0.0465722092685395
0.0461180391391775
0.0455831567270916
0.0449683549100907
0.0442745675647996
0.043502868165344
0.042654468133816
0.0417307149450301
0.0407330899885177
0.0396632061911474
0.0385228054041855
0.0373137555590361
0.0360380475963201
0.0346977921733562
0.0332952161555157
0.0318326588973089
0.0303125683194459
0.0287374967884875
0.027110096806058
0.0254331165149483
0.0237093950297632
0.0219418576000996
0.0201335106145479
0.0182874364541008
0.0164067882038385
0.0144947842320235
0.0125547026459833
0.0105898756343965
0.00860368370581089
0.00659954983342172
0.00458093351631846
0.00255132476757251
0.000514238039684113
-0.00152679390197172
-0.00356822614694485
-0.00560650783791935
-0.00763808838842165
-0.00965942370906899
-0.0116669824313687
-0.0136572521180664
-0.015626745449052
-0.0175720063718578
-0.0194896162058329
-0.0213761996891432
-0.0232284309578333
-0.0250430394462933
-0.0268168156985989
-0.0285466170803316
-0.0302293733806575
-0.0318620922946147
-0.0334418647757654
-0.0349658702495806
-0.0364313816781629
-0.0378357704671617
-0.0391765112060049
-0.0404511862328537
-0.0416574900159871
-0.0427932333436373
-0.0438563473146281
-0.0448448871225087
-0.045757035626235
-0.0465911067008191
-0.0473455483617477
-0.048018945657368
-0.0486100233238375
-0.0491176481976537
-0.0495408313812013
-0.0498787301571851
-0.0501306496482591
-0.0502960442186099
-0.050374518614702
-0.0503658288428575
-0.0502698827818008
-0.0500867405287694
-0.0498166144782634
-0.0494598691329745
-0.0490170206469152
-0.0484887361012396
-0.0478758325137222
-0.0471792755833353
-0.046400178171836
-0.0455397985247412
-0.044599538234536
-0.0435809399494169
-0.04248568483133
-0.0413155897675101
-0.0400726043401689
-0.0387588075594135
-0.0373764043649039
-0.0359277219021684
-0.0344152055799096
-0.0328414149150206
-0.0312090191724182
-0.0295207928071727
-0.027779610716766
-0.0259884433116617
-0.0241503514126947
-0.0222684809841083
-0.0203460577113641
-0.0183863814331349
-0.0163928204371605
-0.014368805629893
-0.0123178245900979
-0.0102434155167859
-0.00814916108205423
-0.00603868219959068
-0.00391563171975474
-0.0017836880622924
0.000353451202139832
0.00249207581036451
0.00462846929362559
0.00675891548166545
0.00887970501247243
0.0109871418362191
0.0130775497019069
0.0151472786152556
0.0171927112564153
0.0192102693461403
0.0211964199491427
0.0231476817034502
0.0250606309647063
0.026931907854499
0.0287582222019597
0.0305363593680562
0.0322631859422008
0.0339356553010126
0.0355508130193092
0.0371058021236541
0.0385978681790588
0.0400243641997257
0.0413827553750213
0.0426706236021906
0.0438856718176563
0.0450257281190995
0.0460887496708817
0.0470728263857427
0.0479761843761057
0.0487971891687176
0.0495343486767687
0.0501863159240644
0.0507518915162483
0.0512300258545302
0.0516198210878153
0.0519205327995981
0.0521315714264482
0.0522525034053873
0.0522830520479372
0.0522230981390995
0.0520726802600122
0.0518319948335193
0.051501395892377
0.0510813945703129
0.050572658316643
0.0499760098356441
0.0492924257523638
0.0485230350070388
0.047669116980772
0.0467320993555968
0.045713555712529
0.0446152028716745
0.0434388979789164
0.0421866353441606
0.0408605430365586
0.0394628792425626
0.0379960283930876
0.0364624970664723
0.0348649096743261
0.0332060039377431
0.0314886261617363
0.0297157263161063
0.0278903529313095
0.0260156478182189
0.0240948406209909
0.0221312432125487
0.02012824394248
0.0180893017474099
0.016017940134161
0.0139177410462421
0.0117923386244198
0.00964541287231957
0.00748068323817553
0.00530190212400582
0.00311284833361952
0.000917320470978999
-0.00128086969946732
-0.0034779039187923
-0.005669964114198
-0.00785323908245049
-0.0100239311643603
-0.0121782628985358
-0.0143124836426684
-0.0164228761506624
-0.0185057630939924
-0.0205575135157674
-0.0225745492060939
-0.0245533509874653
-0.0264904648990574
-0.0283825082689875
-0.0302261756637856
-0.032018244704541
-0.0337555817394179
-0.0354351473624851
-0.0370540017690726
-0.0386093099381525
-0.0400983466325462
-0.0415185012080772
-0.042867282223124
-0.0441423218403785
-0.0453413800129793
-0.0464623484475694
-0.0475032543372172
-0.0484622638575493
-0.0493376854198543
-0.0501279726753519
-0.0508317272652523
-0.0514477013116866
-0.0519747996450398
-0.0524120817636862
-0.0527587635225996
-0.0530142185477864
-0.0531779793739781
-0.0532497383035037
-0.0532293479847609
-0.0531168217091946
-0.0529123334261936
-0.0526162174758131
-0.0522289680397299
-0.0517512383113352
-0.0511838393863695
-0.0505277388759944
-0.0497840592446919
-0.0489540758758654
-0.0480392148685012
-0.047041050568725
-0.0459613028405562
-0.0448018340806272
-0.0435646459820861
-0.0422518760533479
-0.0408657938977925
-0.0394087972609307
-0.0378834078519747
-0.0362922669471456
-0.0346381307824407
-0.032923865743955
-0.03115244336421
-0.029326935133289
-0.0274505071339042
-0.0255264145098344
-0.0235579957774682
-0.0215486669904642
-0.0195019157678024
-0.0174212951957417
-0.0153104176144225
-0.0131729483000596
-0.0110125990538531
-0.00883312170891266
-0.00663830156663594
-0.00443195077410555
-0.00221790165417537
3.26829396028383e-18
0.00221790165417538
0.00443195077410556
0.00663830156663595
0.00883312170891266
0.0110125990538531
0.0131729483000596
0.0153104176144225
0.0174212951957417
0.0195019157678025
0.0215486669904642
0.0235579957774682
0.0255264145098344
0.0274505071339042
0.029326935133289
0.03115244336421
0.032923865743955
0.0346381307824407
0.0362922669471456
0.0378834078519747
0.0394087972609307
0.0408657938977925
0.0422518760533479
0.0435646459820861
0.0448018340806272
0.0459613028405562
0.047041050568725
0.0480392148685012
0.0489540758758654
0.0497840592446919
0.0505277388759944
0.0511838393863695
0.0517512383113352
0.0522289680397299
0.0526162174758131
0.0529123334261936
0.0531168217091946
0.0532293479847609
0.0532497383035037
0.0531779793739781
0.0530142185477864
0.0527587635225996
0.0524120817636862
0.0519747996450398
0.0514477013116866
0.0508317272652523
0.0501279726753519
0.0493376854198543
0.0484622638575493
0.0475032543372172
0.0464623484475694
0.0453413800129793
0.0441423218403785
0.042867282223124
0.0415185012080772
0.0400983466325462
0.0386093099381525
0.0370540017690726
0.0354351473624851
0.0337555817394179
0.032018244704541
0.0302261756637856
0.0283825082689875
0.0264904648990574
0.0245533509874653
0.0225745492060939
0.0205575135157673
0.0185057630939924
0.0164228761506624
0.0143124836426684
0.0121782628985357
0.0100239311643603
0.00785323908245048
0.005669964114198
0.00347790391879232
0.00128086969946731
-0.000917320470979005
-0.00311284833361955
-0.00530190212400585
-0.00748068323817554
-0.00964541287231955
-0.0117923386244198
-0.0139177410462421
-0.016017940134161
-0.0180893017474099
-0.02012824394248
-0.0221312432125487
-0.0240948406209909
-0.0260156478182189
-0.0278903529313095
-0.0297157263161063
-0.0314886261617363
-0.0332060039377431
-0.034864909674326
-0.0364624970664723
-0.0379960283930876
-0.0394628792425626
-0.0408605430365586
-0.0421866353441606
-0.0434388979789164
-0.0446152028716745
-0.045713555712529
-0.0467320993555968
-0.0476691169807721
-0.0485230350070388
-0.0492924257523638
-0.0499760098356441
-0.050572658316643
-0.0510813945703129
-0.051501395892377
-0.0518319948335193
-0.0520726802600122
-0.0522230981390995
-0.0522830520479372
-0.0522525034053873
-0.0521315714264482
-0.0519205327995981
-0.0516198210878153
-0.0512300258545302
-0.0507518915162483
-0.0501863159240644
-0.0495343486767687
-0.0487971891687175
-0.0479761843761057
-0.0470728263857427
-0.0460887496708817
-0.0450257281190995
-0.0438856718176562
-0.0426706236021906
-0.0413827553750213
-0.0400243641997257
-0.0385978681790588
-0.0371058021236541
-0.0355508130193092
-0.0339356553010126
-0.0322631859422008
-0.0305363593680562
-0.0287582222019597
-0.026931907854499
-0.0250606309647063
-0.0231476817034502
-0.0211964199491427
-0.0192102693461403
-0.0171927112564153
-0.0151472786152556
-0.0130775497019069
-0.0109871418362191
-0.00887970501247242
-0.00675891548166544
-0.00462846929362559
-0.0024920758103645
-0.000353451202139826
0.00178368806229241
0.00391563171975474
0.00603868219959069
0.00814916108205428
0.0102434155167859
0.0123178245900979
0.014368805629893
0.0163928204371605
0.0183863814331349
0.0203460577113641
0.0222684809841083
0.0241503514126947
0.0259884433116618
0.0277796107167661
0.0295207928071727
0.0312090191724182
0.0328414149150206
0.0344152055799097
0.0359277219021684
0.0373764043649039
0.0387588075594136
0.0400726043401689
0.0413155897675101
0.04248568483133
0.0435809399494169
0.044599538234536
0.0455397985247412
0.046400178171836
0.0471792755833353
0.0478758325137222
0.0484887361012396
0.0490170206469152
0.0494598691329745
0.0498166144782634
0.0500867405287695
0.0502698827818008
0.0503658288428575
0.050374518614702
0.0502960442186099
0.0501306496482591
0.0498787301571851
0.0495408313812013
0.0491176481976537
0.0486100233238375
0.048018945657368
0.0473455483617477
0.0465911067008191
0.045757035626235
0.0448448871225087
0.0438563473146281
0.0427932333436373
0.0416574900159871
0.0404511862328537
0.0391765112060049
0.0378357704671617
0.0364313816781629
0.0349658702495806
0.0334418647757654
0.0318620922946147
0.0302293733806575
0.0285466170803315
0.0268168156985989
0.0250430394462933
0.0232284309578333
0.0213761996891432
0.0194896162058329
0.0175720063718578
0.015626745449052
0.0136572521180664
0.0116669824313687
0.00965942370906899
0.00763808838842164
0.00560650783791934
0.00356822614694485
0.00152679390197172
-0.000514238039684119
-0.00255132476757252
-0.00458093351631846
-0.00659954983342173
-0.0086036837058109
-0.0105898756343965
-0.0125547026459833
-0.0144947842320235
-0.0164067882038385
-0.0182874364541008
-0.0201335106145479
-0.0219418576000996
-0.0237093950297632
-0.0254331165149484
-0.027110096806058
-0.0287374967884875
-0.0303125683194459
-0.0318326588973089
-0.0332952161555157
-0.0346977921733563
-0.0360380475963202
-0.0373137555590361
-0.0385228054041855
-0.0396632061911474
-0.0407330899885177
-0.0417307149450301
-0.042654468133816
-0.043502868165344
-0.0442745675647996
-0.0449683549100907
-0.0455831567270916
-0.0461180391391775
-0.0465722092685395
-0.0469450163872145
-0.0472359528162114
-0.0474446545715648
-0.0475709017565963
-0.0476146187001163
-0.0475758738407478
-0.0474548793580069
-0.0472519905512167
-0.0469677049677842
-0.0466026612828034
-0.0461576379323924
-0.0456335515035987
-0.0450314548841389
-0.0443525351756551
-0.0435981113745858
-0.0427696318251516
-0.0418686714493556
-0.0408969287592823
-0.0398562226573553
-0.0387484890305838
-0.0375757771451782
-0.0363402458482606
-0.0350441595837247
-0.0336898842296181
-0.0322798827647204
-0.0308167107722845
-0.0293030117891772
-0.0277415125089188
-0.0261350178473634
-0.0244864058799891
-0.0227986226599795
-0.0210746769264713
-0.0193176347125217
-0.017530613862509
-0.0157167784688204
-0.0138793332378114
-0.0120215177951195
-0.0101466009405135
-0.00825787486252059
-0.0063586493231323
-0.00445224582292121
-0.00254199175691432
-0.000631214571568936
0.00127676406682819
0.00317863408205692
0.00507110276592874
0.00695090051417697
0.00881478651021574
0.0106595543468304
0.0124820375759855
0.014279115177087
0.0160477169341982
0.0177848287128887
0.019487497627593
0.0211528370905676
0.0227780317337618
0.0243603421951649
0.0258971097614432
0.027385760858959
0.0288238113855427
0.0302088708756907
0.0315386464921737
0.032810946837357
0.0340236855778739
0.035174884876635
0.0362626786265111
0.0372853154803902
0.0382411616726838
0.0391287036277369
0.0399465503509827
0.0406934355990807
0.0413682198256733
0.0419698918998056
0.0424975705944587
0.0429505058430647
0.0433280797622842
0.0436298074397491
0.0438553374858917
0.0440044523494014
0.0440770683962741
0.0440732357528358
0.0439931379135413
0.043837091114767
0.0436055434762262
0.0432990739120473
0.0429183908139583
0.0424643305094205
0.0419378554979494
0.0413400524692444
0.0406721301071315
0.0399354166836926
0.0391313574483189
0.0382615118167795
0.0373275503657384
0.03633125163849
0.0352744987679995
0.0341592759236536
0.0329876645884157
0.0317618396733744
0.0304840654769406
0.0291566914962114
0.027782148098263
0.0263629420593654
0.0249016519803263
0.0234009235863774
0.0218634649201935
0.0202920414368153
0.0186894710093865
0.0170586188547683
0.0154023923882023
0.0137237360163044
0.0120256258777581
0.0103110645411439
0.00858307566939623
0.00684469866041844
0.00509898327339882
0.00334898425038063
0.00159775594261779
-0.000151653048780268
-0.00189620520846131
-0.0036328794093131
-0.00535867617250949
-0.00707062287591409
-0.00876577890174825
-0.0104412407145617
-0.0120941468606917
-0.0137216828805565
-0.0153210861253066
-0.0168896504695496
-0.01842473091207
-0.019923748056683
-0.0213841924655991
-0.0228036288779184
-0.0241797002861332
-0.0255101318637924
-0.026792734737757
-0.0280254095987765
-0.0292061501444141
-0.030333046348666
-0.0314042875529433
-0.0324181653734153
-0.0333730764200525
-0.0342675248230581
-0.0351001245627279
-0.0358696015991406
-0.0365747957984456
-0.0372146626528865
-0.0377882747920726
-0.0382948232833909
-0.0387336187198295
-0.0391040920938685
-0.0394057954564779
-0.0396384023606486
-0.0398017080892652
-0.0398956296675171
-0.0399202056604256
-0.0398755957564447
-0.0397620801384753
-0.0395800586440038
-0.039330049716448
-0.0390126891501611
-0.0386287286319016
-0.0381790340819367
-0.0376645837982887
-0.0370864664079812
-0.0364458786294687
-0.0357441228507629
-0.0349826045280818
-0.0341628294101535
-0.0332864005936052
-0.0323550154151498
-0.0313704621865602
-0.0303346167786827
-0.0292494390609926
-0.0281169692034315
-0.0269393238474966
-0.02571869215376
-0.024457331733198
-0.0231575644698966
-0.0218217722428666
-0.0204523925548667
-0.0190519140762663
-0.0176228721121149
-0.0161678440006941
-0.0146894444519245
-0.0131903208340876
-0.0116731484173843
-0.0101406255829037
-0.00859546900561743
-0.00704040882002421
-0.0054781837770882
-0.00391153640109147
-0.00234320815500225
-0.000775934622918175
0.000787559281917554
0.00234456407509191
0.00389239041665006
0.00542837377613216
0.00694987903889089
0.00845430504569714
0.00993908905777567
0.0114017111395794
0.0128396984517766
0.0142506294471085
0.0156321379619776
0.016981917196825
0.0182977235785856
0.0195773804987349
0.0208187819206897
0.0220198958505704
0.0231787676656025
0.0242935232947061
0.0253623722460975
0.0263836104770292
0.0273556231010761
0.0282768869286966
0.0291459728370967
0.02996154796575
0.0307223777342478
0.0314273276794805
0.0320753651094851
0.0326655605716313
0.0331970891331549
0.033669231472393
0.0340813747794145
0.0344330134650882
0.0347237496779772
0.0349532936287858
0.035121463722443
0.0352281864982375
0.0352734963787687
0.0352575352288159
0.035180551725561
0.0350429005419364
0.034845041345196
0.0345875376131295
0.0342710552706611
0.033896361149881
0.0334643212768699
0.0329758989889668
0.0324321528864296
0.0318342346227127
0.0311833865378671
0.0304809391398283
0.0297283084386139
0.0289269931387021
0.0280785716950918
0.0271846992387744
0.026247104377559
0.025267585878395
0.0242480092375272
0.0231903031449942
0.0220964558501526
0.0209685114350558
0.0198085660026637
0.0186187637869801
0.0174012931923361
0.016158382769134
0.0148922971334537
0.0136053328380024
0.0122998142019389
0.0109780891071627
0.00964252476867906
0.00829550348667588
0.00693941838795433
0.00557666916433883
0.00420965781567987
0.00284078440501766
0.00147244283342978
0.000107016642022934
-0.00125312515155233
-0.00260563217476579
-0.00394817677286335
-0.00527845802543673
-0.00659420569995682
-0.00789318413546393
-0.00917319604975116
-0.0104320862635473
-0.0116677453353747
-0.0128781131009417
-0.014061182111128
-0.0152150009628191
-0.0163376775170656
-0.0174273819992652
-0.0184823499762947
-0.0195008852057649
-0.0204813623528119
-0.0214222295701015
-0.0223220109369796
-0.023179308753975
-0.0239928056891311
-0.0247612667729247
-0.0254835412388168
-0.026158564206763
-0.0267853582073125
-0.0273630345442096
-0.0278907944937205
-0.0283679303391997
-0.0287938262397183
-0.0291679589318758
-0.0294898982642212
-0.0297593075640126
-0.0299759438363462
-0.0301396577959871
-0.0302503937325332
-0.030308189209841
-0.0303131746009356
-0.0302655724599185
-0.0301656967326728
-0.0300139518084499
-0.0298108314146957
-0.029556917357751
-0.029252878112323
-0.0288994672628879
-0.0284975218004355
-0.0280479602782146
-0.0275517808303765
-0.0270100590576409
-0.0264239457843365
-0.025794664691376
-0.0251235098299332
-0.024411843020783
-0.0236610911444505
-0.0228727433274887
-0.0220483480303726
-0.021189510042646
-0.0202978873911053
-0.0193751881669341
-0.0184231672778214
-0.0174436231312107
-0.0164383942549198
-0.0154093558614586
-0.0143584163624496
-0.013287513839611
-0.0121986124788207
-0.0110936989738125
-0.00997477890608246
-0.00884387310760016
-0.0077030140129182
-0.00655424200726765
-0.00539960177720244
-0.0042411386703199
-0.00308089507055013
-0.00192090679543292
-0.000763199521750281
0.000390214754207629
0.00153734121555569
0.00267620567680924
0.00380485798299439
0.00492137535001038
0.00602386564052442
0.00711047056982136
0.00817936883617177
0.00922877917045996
0.010256963299966
0.011262228821385
0.0122429319783503
0.0131974803389191
0.0141243353686833
0.015022014895376
0.0158890954610576
0.0167242145581907
0.0175260727461332
0.0182934356448186
0.0190251358026236
0.019720074435668
0.0203772230360361
0.0209956248466557
0.0215743962008271
0.0221127277246421
0.0226098854007966
0.0230652114925518
0.0234781253268621
0.0238481239359447
0.0241747825568268
0.0244577549886654
0.0246967738078931
0.024891650441498
0.0250422750990069
0.0251486165639861
0.0252107218461325
0.0252287156952685
0.025202799978802
0.0251332529244511
0.0250204282302679
0.0248647540442268
0.0246667318158687
0.0244269350227109
0.024146007774346
0.0238246632973626
0.0234636823044182
0.0230639112509894
0.0226262604835139
0.022151702282809
0.0216412688068328
0.0210960499370076
0.0205171910324825
0.0199058905968586
0.0192633978620327
0.0185910102939455
0.0178900710251375
0.0171619662191198
0.0164081223716736
0.0156300035542699
0.0148291086048909
0.0140069682715946
0.0131651423142252
0.0123052165697229
0.0114287999865204
0.0105375216335439
0.00963302768935632
0.00871697841697868
0.00779104512993705
0.00685690715505526
0.00591624879750088
0.0049707563135561
0.00402211489653694
0.0030720056812432
0.00212210277224702
0.00117407030126692
0.000229559518786504
-0.000709794075009323
-0.00164237355500621
-0.00256658334677623
-0.00348085194828369
-0.00438363459305571
-0.00527341585032103
-0.00614871215775908
-0.00700807428265115
-0.00785008970737276
-0.00867338493533212
-0.0094766277136221
-0.0102585291688259
-0.0110178458525963
-0.011753381693808
-0.012463989854273
-0.013148574485201
-0.0138060923817823
-0.0144355545334729
-0.0150360275677631
-0.0156066350854181
-0.0161465588853912
-0.016655040077816
-0.0171313800837039
-0.0175749415201821
-0.0179851489703265
-0.0183614896368583
-0.0187035138791899
-0.019010835633523
-0.0192831327159148
-0.0195201470084439
-0.0197216845288222
-0.0198876153840065
-0.0200178736085765
-0.0201124568888492
-0.0201714261739052
-0.0201949051749019
-0.0201830797542444
-0.0201361972063797
-0.0200545654321649
-0.0199385520089469
-0.0197885831586665
-0.0196051426164771
-0.0193887704025307
-0.0191400614997517
-0.01885966444057
-0.0185482798057366
-0.0182066586384881
-0.0178356007774606
-0.017435953111884
-0.0170086077627095
-0.016554500193435
-0.0160746072545029
-0.0155699451652416
-0.0150415674374123
-0.0144905627445091
-0.0139180527410288
-0.0133251898360012
-0.0127131549251217
-0.0120831550858818
-0.0114364212401351
-0.0107742057885636
-0.0100977802215418
-0.0094084327109062
-0.00870746568714553
-0.00799619340653072
-0.00727593951268759
-0.00654803459710451
-0.00581381376303639
-0.00507461419723493
-0.00433177275389329
-0.00358662355514103
-0.00284049561237189
-0.00209471047261779
-0.00135057989411185
-0.000609403555104031
0.000127533200096948
0.00085896157397066
0.00158363148374126
0.00230031368076747
0.00300780181780355
0.00370491446069029
0.00439049704115466
0.00506342374753177
0.0057225993503547
0.00636696095989836
0.00699547971290992
0.0076071623859025
0.00820105293254867
0.00877623394285716
0.00933182802198671
0.00986699908670376
0.0103809535776625
0.010872941585851
0.0113422578917161
0.0117882429156549
0.0122102835787277
0.0126078140726264
0.012980316538104
0.0133273216512466
0.0136484091171444
0.0139432080706918
0.0142113973844222
0.014452705883455
0.0146669124678049
0.0148538461424733
0.01501338595591
0.0151454608475999
0.0152500494056929
0.0153271795357555
0.0153769280418814
0.0153994201215526
0.0153948287757918
0.015363374136297
0.0153053227113879
0.0152209865527369
0.0151107223449859
0.0149749304204848
0.0148140537015064
0.014628576572415
0.0144190236843759
0.0141859586953049
0.0139299829478531
0.0136517340883235
0.0133518846295034
0.0130311404604783
0.0126902393065751
0.012329949142648
0.0119510665629882
0.0115544151111958
0.0111408435734004
0.0107112242382666
0.010266451127252
0.00980743819862095
0.0093351175287376
0.00885043747418235
0.00835436081824223
0.00784786290533313
0.00733192976690472
0.00680755624237303
0.00627574409860565
0.00573750015146352
0.00519383439287346
0.0046457581268681
0.00409428211799103
0.00354041475541319
0.00298516023605457
0.00242951676994492
0.00187447481098961
0.00132101531623882
0.000770108036678195
0.000222709842479358
-0.00032023691443842
-0.000857805997777279
-0.00138908884149549
-0.00191319605914646
-0.0024292589054635
-0.00293643068784035
-0.00343388812547145
-0.00392083265402866
-0.00439649167387281
-0.00486011973991862
-0.00531099969139623
-0.00574844371988067
-0.00617179437408687
-0.00658042550006301
-0.00697374311554251
-0.00735118621735359
-0.0077122275209182
-0.00805637413100681
-0.00838316814305602
-0.00869218717448734
-0.00898304482560771
-0.00925539106980552
-0.00950891257289238
-0.00974333294157858
-0.00995841290120088
-0.010153950402958
-0.0103297806610393
-0.0104857761201604
-0.0106218463541515
-0.0107379378963657
-0.0108340340028001
-0.0109101543489437
-0.0109663546614817
-0.0110027262861017
-0.0110193956927607
-0.0110165239198748
-0.0109943059590033
-0.0109529700816963
-0.0108927771102705
-0.0108140196343746
-0.0107170211752882
-0.0106021352999861
-0.0104697446870767
-0.0103202601467987
-0.0101541195973279
-0.00997178699971458
-0.00977375125382664
-0.00956052505773251
-0.00933264373300466
-0.0090906640184707
-0.00883516283497703
-0.00856673602376394
-0.00828599706108078
-0.00799357575169085
-0.00769011690393627
-0.00737627898904345
-0.00705273278735827
-0.00672016002420222
-0.0063792519980364
-0.00603070820361386
-0.00567523495278541
-0.00531354399560653
-0.00494635114436957
-0.00457437490315582
-0.00419833510547072
-0.00381895156248578
-0.00343694272436905
-0.00305302435713937
-0.00266790823742665
-0.00228230086746747
-0.00189690221260297
-0.00151240446348427
-0.00112949082512271
-0.000748834334850575
-0.000371096711185422
3.07276448849977e-06
0.000373038331587808
0.000738178797596135
0.0010978885472661
0.00145157851218104
0.00179867709919329
0.00213863107634961
0.00247090641500611
0.00279498908693748
0.00311038581533837
0.00341662477871778
0.00371325626678823
0.00399985328755008
0.00427601212487885
0.00454135284602148
0.00479551975851346
0.00503818181613209
0.00526903297360165
0.00548779248987297
0.00569420517989841
0.00588804161492695
0.00606909827144423
0.00623719762898089
0.00639218821711181
0.00653394461206471
0.00666236738345155
0.0067773829917295
0.00687894363708869
0.00696702706055327
0.00704163629816839
0.0071027993892299
0.00715056903959454
0.00718502224118713
0.00720625984889657
0.00721440611612524
0.00720960819032539
0.00719203556992239
0.00716187952408714
0.0071193524768792
0.00706468735733778
0.00699813691714956
0.00691997301757056
0.00683048588732355
0.00672998335323316
0.00661879004539736
0.00649724657872682
0.00636570871271196
0.00622454649130293
0.00607414336480762
0.00591489529573012
0.00574720985048455
0.0055715052789274
0.00538820958365699
0.00519775958102853
0.00500059995583067
0.00479718231156187
0.00458796421823394
0.00437340825961605
0.0041539810818125
0.00393015244504766
0.00370239428050333
0.00347117975402613
0.00323698233849005
0.00300027489656157
0.0027615287755786
0.00252121291620921
0.00227979297651277
0.00203773047297826
0.00179548194006203
0.0015534981096958
0.00131222311217914
0.0010720936998113
0.000833538494559351
0.000596977260994482
0.000362820205665894
0.000131467304015167
-9.66923441351931e-05
-0.000321281129551674
-0.000541933518124225
-0.000758296604140774
-0.00097003063155048
-0.0011768094825391
-0.00137832113281125
-0.00157426807305184
-0.00176436769611124
-0.00194835264953586
-0.00212597115313963
-0.00229698728138726
-0.00246118121043532
-0.00261834942975031
-0.00276830491829776
-0.0029108772853685
-0.00304591287618061
-0.00317327484246673
-0.00329284317832578
-0.00340451472168724
-0.00350820312180293
-0.00360383877324686
-0.00369136871696801
-0.00377075650900214
-0.00384198205750995
-0.00390504142886629
-0.00395994662358168
-0.00400672532289088
-0.00404542060689514
-0.00407609064519338
-0.00409880836098491
-0.00411366106966954
-0.00412075009301333
-0.00412019034998615
-0.00411210992541384
-0.00409664961762086
-0.00407396246626961
-0.00404421326163038
-0.00400757803654032
-0.0039642435423316
-0.00391440671002781
-0.00385827409812338
-0.00379606132827354
-0.0037279925102324
-0.00365429965738374
-0.00357522209421257
-0.00349100585706754
-0.00340190308956133
-0.00330817143395251
-0.00321007341984418
-0.00310787585152447
-0.00300184919526163
-0.00289226696784961
-0.00277940512768285
-0.00266354146961763
-0.0025449550248534
-0.00242392546704352
-0.00230073252581444
-0.00217565540884403
-0.0020489722336164
-0.00192095946993564
-0.00179189139424569
-0.00166203955676372
-0.00153167226239535
-0.00140105406635777
-0.00127044528539335
-0.00114010152541217
-0.00101027322635486
-0.000881205225020699
-0.000753136336556888
-0.000626298955255585
-0.000500918675255362
-0.000377213931692202
-0.000255395662793792
-0.000135666993358758
-1.82229400094851e-05
9.67498614449448e-05
0.000209073406252802
0.0003185785483405
0.000425105205132755
0.000528502539447847
0.000628629118395429
0.00072535304925692
0.000818552092379582
0.000908113751166096
0.000993935339291801
0.00107592402533029
0.00115399685501679
0.00122808075142546
0.00129811249338286
0.00136403867248451
0.00142581562912461
0.00148340936799117
0.00153679545351911
0.00158595888583255
0.0016308939577451
0.00167160409342192
0.00170810166934151
0.00174040781822657
0.00176855221664354
0.00179257285699842
0.0018125158046823
0.00182843494114414
0.00184039169369037
0.0018484547528306
0.00185269977800646
0.00185320909255633
0.00185007136878206
0.00184338130399496
0.00183323928842801
0.00181975106590732
0.00180302738818171
0.00178318366381111
0.00176033960251561
0.00173461885588516
0.00170614865534631
0.00167505944827684
0.0016414845331512
0.00160555969459018
0.00156742283917659
0.00152721363288504
0.00148507314095877
0.00144114347104919
0.00139556742041491
0.00134848812795679
0.00130004873184282
0.00125039203345362
0.00119966016835358
0.00114799428496686
0.00109553423160886
0.00104241825249517
0.000988782693319914
0.000934761716963441
0.000880487029857933
0.000826087619505585
0.000771689503610451
0.000717415491250265
0.000663384956479054
0.000609713624715823
0.000556513372237954
0.000503892039061478
0.000451953255453494
0.000400796282284654
0.000350515865392838
0.000301202104091637
0.000252940333920361
0.000205811023695452
0.000159889686886375
0.000115246807303135
7.19477790465133e-05
3.00528606369817e-05
-1.03828567963221e-05
-4.93094674193299e-05
-8.6682254875141e-05
-0.00012246168296274
-0.000156613373061848
-0.000189108068583876
-0.000219921586758442
-0.000249034758092976
-0.000276433353870209
-0.000302108002074221
-0.000326054092160047
-0.000348271669105529
-0.000368765317205517
-0.00038754403408933
-0.000404621095461228
-0.000420013911081088
-0.000433743872518712
-0.000445836193229322
-0.000456319741510869
-0.000465226866915058
-0.000472593220693435
-0.000478457570868305
-0.000482861612524311
-0.000485849773921575
-0.000487469019034396
-0.000487768647121032
-0.000486800089930136
-0.000484616707147799
-0.000481273580685828
-0.000476827308407349
-0.000471335797879314
-0.000464858060733886
-0.000457454008211384
-0.000449184248446737
-0.000440109886049399
-0.000430292324513303
-0.000419793071978521
-0.000408673550850606
-0.000396994911766174
-0.000384817852375086
-0.000372202441390165
-0.000359207948334872
-0.000345892679398024
-0.000332313819782249
-0.000318527282909716
-0.000304587566824758
-0.000290547618108302
-0.000276458703593771
-0.000262370290148262
-0.000248329932756391
-0.000234383171117553
-0.000220573434940085
-0.000206941958088554
-0.000193527701712745
-0.00018036728645919
-0.000167494933838458
-0.000154942416793532
-0.000142739019487105
-0.000130911506298137
-0.000119484099990762
-0.000108478468991889
-9.79137236871795e-05
-8.78064216191967e-05
-7.81705814459457e-05
-6.90177054930839e-05
-6.03568107089265e-05
-5.21944678077041e-05
-4.45348483638787e-05
-3.7379779598335e-05
-3.07288065762366e-05
-2.45792615162878e-05
-1.8926339891985e-05
-1.37631829874492e-05
-9.08096655340925e-06
-4.86899519308911e-06
-1.11480209308226e-06
2.19574629921108e-06
5.07834106222369e-06
7.55011747257585e-06
9.62953799450041e-06
1.13362720260504e-05
1.26910728489111e-05
1.37156522343414e-05
1.44325531621576e-05
1.48650211127081e-05
1.50368743934289e-05
1.49723739618832e-05
1.46960932061345e-05
1.42327881408812e-05
1.36072684740484e-05
1.28442699934536e-05
1.19683287167722e-05
1.10036572403779e-05
9.9740237136864e-06
8.90263385546953e-06
7.81201641724152e-06
6.72391248626682e-06
5.65916900707784e-06
4.63763688561922e-06
3.67807402431437e-06
2.79805361954615e-06
2.01387803524949e-06
1.34049854764867e-06
7.91441236633349e-07
3.787392789386e-07
1.12871877235142e-07
