1.04055698812008
1.00947558734933
0.979200811128948
0.949707778199014
0.920972568258073
0.892972177699303
0.865684477651276
0.839088174168068
0.813162770427107
0.787888530806286
0.763246446724457
0.739218204141345
0.715786152623898
0.692933275896205
0.670643163798946
0.648899985592215
0.627688464542023
0.606993853736187
0.586801913079425
0.567098887420666
0.547871485767603
0.529106861544913
0.510792593853216
0.492916669685965
0.475467467061465
0.458433739026841
0.441804598490646
0.42556950384068
0.409718245303805
0.394240932005011
0.379127979683915
0.364370099028068
0.349958284584124
0.33588380420977
0.322138189031514
0.308713223875732
0.295600938142818
0.282793597096612
0.270283693543638
0.25806393987884
0.246127260476374
0.23446678440579
0.223075838455271
0.211947940444779
0.201076792812852
0.190456276461439
0.180080444843737
0.169943518280312
0.160039878489216
0.150364063316136
0.140910761651072
0.131674808518571
0.122651180329293
0.113834990281537
0.105221483902457
0.096806034719938
0.088584140057486
0.0805514169460552
0.0727035981482615
0.0650365282920875
0.0575461601126955
0.0502285508024413
0.0430798584704542
0.0360963387142056
0.0292743413063303
0.0226103070004546
0.0161007644600431
0.00974232731418003
0.00353169134383326
-0.00253436819847684
-0.00845899913356513
-0.0142452747640169
-0.0198961961463684
-0.0254146942284653
-0.0308036318547301
-0.0360658056433068
-0.0412039477402095
-0.0462207274566512
-0.0511187527965979
-0.0559005718823096
-0.0605686742861361
-0.0651254922771654
-0.069573401991472
-0.0739147245346955
-0.0781517270255312
-0.0822866235884609
-0.0863215763037234
-0.0902586961221482
-0.0941000437521006
-0.0978476305254085
-0.101503419248808
-0.105069325047151
-0.10854721620438
-0.111938915008066
-0.115246198603167
-0.118470799860509
-0.121614408265341
-0.124678670831167
-0.127665193043809
-0.13057553984033
-0.13341123662707
-0.13617377034043
-0.138864590553404
-0.141485110629976
-0.144036708928522
-0.146520730054199
-0.148938486159066
-0.151291258287293
-0.153580297761405
-0.155806827604042
-0.157972043988247
-0.160077117707925
-0.162123195658792
-0.164111402318964
-0.166042841217345
-0.167918596377162
-0.169739733721442
-0.171507302426876
-0.173222336212437
-0.174885854549304
-0.176498863779023
-0.178062358127498
-0.179577320603231
-0.181044723769238
-0.18246553037927
-0.183840693870193
-0.185171158703819
-0.18645786055286
-0.18770172632717
-0.188903674037888
-0.190064612498591
-0.191185440863992
-0.192267048008137
-0.19331031174547
-0.194316097899492
-0.195285259225083
-0.196218634191924
-0.197117045637767
-0.197981299301673
-0.198812182248686
-0.199610461198794
-0.200376880774438
-0.201112161682226
-0.201816998845922
-0.202492059509196
-0.203137981327926
-0.203755370473216
-0.204344799767395
-0.204906806876396
-0.205441892582751
-0.205950519164178
-0.206433108903129
-0.206890042752878
-0.207321659185594
-0.207728253247398
-0.208110075844625
-0.208467333284389
-0.208800187091101
-0.209108754118797
-0.209393106977026
-0.209653274785701
-0.209889244271628
-0.210100961216644
-0.210288332264218
-0.210451227088267
-0.210589480924651
-0.210702897462594
-0.210791252089945
-0.210854295482988
-0.210891757528325
-0.210903351561283
-0.21088877890236
-0.210847733670388
-0.21077990784845
-0.210684996576077
-0.210562703638893
-0.210412747124709
-0.210234865213032
-0.210028822063093
-0.209794413763789
-0.209531474307394
-0.209239881547499
-0.208919563100454
-0.208570502148548
-0.208192743102346
-0.207786397079027
-0.207351647153192
-0.206888753336575
-0.206398057243279
-0.205879986397777
-0.205335058143794
-0.204763883113492
-0.204167168218129
-0.203545719123411
-0.202900442175343
-0.202232345745315
-0.201542540966526
-0.200832241837567
-0.20010276467312
-0.199355526886113
-0.198592045090365
-0.197813932517647
-0.197022895748162
-0.196220730758575
-0.195409318296924
-0.194590618598896
-0.193766665464994
-0.192939559723046
-0.19211146210518
-0.191284585572852
-0.190461187127651
-0.189643559149443
-0.188834020306883
-0.188034906088467
-0.187248559005012
-0.186477318516883
-0.185723510741289
-0.18498943799663
-0.184277368242248
-0.183589524472931
-0.182928074128231
-0.182295118577048
-0.18169268273811
-0.181122704896745
-0.180587026777978
-0.180087383935228
-0.179625396512881
-0.17920256043973
-0.178820239108614
-0.178479655595672
-0.178181885470307
-0.177927850244279
-0.177718311505327
-0.17755386577726
-0.177434940144629
-0.177361788675907
-0.177334489674472
-0.177352943781762
-0.17741687295171
-0.177525820309977
-0.177679150905731
-0.177876053357765
-0.178115542390611
-0.178396462250244
-0.178717490982822
-0.179077145553957
-0.179473787780169
-0.179905631038664
-0.180370747716291
-0.180867077353741
-0.181392435436593
-0.181944522780894
-0.182520935457538
-0.183119175196819
-0.183736660212161
-0.184370736380254
-0.185018688713528
-0.185677753060129
-0.186345127966288
-0.187017986636144
-0.187693488924628
-0.188368793300022
-0.189041068714032
-0.189707506318807
-0.190365330972181
-0.191011812474427
-0.191644276482091
-0.192260115046866
-0.19285679673008
-0.193431876246031
-0.193983003590358
-0.194507932612573
-0.195004528995087
-0.195470777604349
-0.195904789183216
-0.196304806357263
-0.196669208931607
-0.196996518458723
-0.197285402061903
-0.197534675503279
-0.197743305489728
-0.197910411214507
-0.198035265137074
-0.198117293008154
-0.198156073151776
-0.198151335020564
-0.198102957045065
-0.198010963802202
-0.197875522532088
-0.197696939036277
-0.197475652994105
-0.197212232736965
-0.196907369523205
-0.196561871358718
-0.196176656410277
-0.195752746060158
-0.195291257651666
-0.194793396975736
-0.194260450548966
-0.19369377773312
-0.193094802745479
-0.192465006608362
-0.191805919084742
-0.191119110645214
-0.190406184509642
-0.189668768804641
-0.188908508875749
-0.188127059790689
-0.187326079067538
-0.186507219659016
-0.185672123221412
-0.184822413693982
-0.183959691211952
-0.183085526373542
-0.182201454878794
-0.181308972555288
-0.180409530783266
-0.179504532330027
-0.178595327600963
-0.177683211312036
-0.176769419586036
-0.175855127472489
-0.174941446888699
-0.174029424977049
-0.173120042871373
-0.172214214863028
-0.17131278795512
-0.170416541791338
-0.169526188943899
-0.168642375543362
-0.167765682231416
-0.166896625416292
-0.166035658809175
-0.165183175218931
-0.164339508581562
-0.163504936200192
-0.162679681170924
-0.161863914969717
-0.16105776017545
-0.160261293304541
-0.159474547732943
-0.158697516681937
-0.157930156244935
-0.157172388433455
-0.156424104221508
-0.155685166568823
-0.154955413404639
-0.154234660555145
-0.153522704599045
-0.152819325637203
-0.152124289963752
-0.151437352627517
-0.150758259874069
-0.150086751460099
-0.149422562833229
-0.148765427171693
-0.148115077279611
-0.147471247334829
-0.146833674487458
-0.146202100308409
-0.145576272088226
-0.14495594398758
-0.144340878041716
-0.143730845021997
-0.143125625158562
-0.142525008728837
-0.141928796517343
-0.141336800152884
-0.140748842329722
-0.140164756919877
-0.139584388984064
-0.139007594689134
-0.138434241140141
-0.137864206135331
-0.13729737785246
-0.13673365447485
-0.136172943765556
-0.135615162597867
-0.135060236450183
-0.134508098873015
-0.133958690935543
-0.133411960658794
-0.132867862442036
-0.132326356488559
-0.131787408236494
-0.131250987799789
-0.130717069423972
-0.130185630960725
-0.12965665336483
-0.129130120216457
-0.12860601727128
-0.12808433204041
-0.127565053401646
-0.127048171243124
-0.126533676139996
-0.126021559064421
-0.125511811128757
-0.125004423361564
-0.124499386515683
-0.123996690907456
-0.123496326285864
-0.122998281730198
-0.122502545574671
-0.122009105358258
-0.121517947797906
-0.121029058783162
-0.120542423390188
-0.120058025913079
-0.119575849910378
-0.119095878264646
-0.118618093252983
-0.118142476626412
-0.117669009696096
-0.117197673424427
-0.116728448519109
-0.116261315528488
-0.115796254936456
-0.115333247255453
-0.114872273116184
-0.114413313352839
-0.113956349082803
-0.113501361779934
-0.113048333340728
-0.112597246142815
-0.112148083095391
-0.111700827681367
-0.111255463991135
-0.110811976748014
-0.110370351325535
-0.109930573756847
-0.109492630736626
-0.10905650961594
-0.108622198390582
-0.108189685683466
-0.107758960721681
-0.107330013308849
-0.106902833793439
-0.106477413033694
-0.106053742359825
-0.105631813534101
-0.105211618709472
-0.104793150387292
-0.10437640137473
-0.103961364742387
-0.103548033782612
-0.103136401968977
-0.102726462917319
-0.102318210348731
-0.101911638054828
-0.101506739865564
-0.101103509619864
-0.100701941139245
-0.100302028204587
-0.0999037645361621
-0.0995071437769652
-0.0991121594793831
-0.0987188050951436
-0.0983270739684978
-0.0979369593324963
-0.0975484543082281
-0.0971615519068172
-0.0967762450339688
-0.0963925264968131
-0.0960103890127845
-0.095629825220246
-0.0952508276905683
-0.0948733889413587
-0.0944975014505406
-0.0941231576709881
-0.0937503500454261
-0.0933790710213304
-0.0930093130655704
-0.0926410686785678
-0.0922743304077658
-0.0919090908602278
-0.0915453427142225
-0.0911830787296606
-0.0908222917573035
-0.0904629747466661
-0.09010512075258
-0.0897487229403919
-0.0893937745898111
-0.089040269097422
-0.088688199977907
-0.0883375608640345
-0.0879883455054794
-0.0876405477665543
-0.087294161622939
-0.0869491811575
-0.0866056005552981
-0.0862634140978847
-0.0859226161569935
-0.0855832011877282
-0.0852451637213604
-0.0849084983578349
-0.0845731997580973
-0.0842392626363412
-0.0839066817522814
-0.0835754519035524
-0.083245567918325
-0.0829170246482336
-0.0825898169616966
-0.0822639397377088
-0.0819393878601717
-0.0816161562128223
-0.0812942396748115
-0.0809736331169617
-0.0806543313987385
-0.0803363293659427
-0.0800196218491258
-0.0797042036627172
-0.0793900696048397
-0.0790772144577757
-0.078765632989044
-0.078455319953029
-0.0781462700931048
-0.0778384781441836
-0.077531938835621
-0.0772266468944025
-0.0769225970485396
-0.0766197840306013
-0.0763182025813108
-0.0760178474531434
-0.0757187134138618
-0.0754207952499379
-0.0751240877698047
-0.0748285858069062
-0.0745342842225037
-0.074241177908211
-0.0739492617882426
-0.0736585308213513
-0.0733689800024537
-0.0730806043639324
-0.072793398976621
-0.0725073589504703
-0.0722224794349064
-0.0719387556188883
-0.0716561827306788
-0.0713747560373426
-0.0710944708439864
-0.0708153224927602
-0.0705373063616413
-0.0702604178630156
-0.0699846524420877
-0.0697100055751367
-0.0694364727676474
-0.0691640495523432
-0.0688927314871493
-0.0686225141531142
-0.0683533931523239
-0.0680853641058336
-0.0678184226516527
-0.0675525644428069
-0.0672877851455117
-0.0670240804374783
-0.0667614460063777
-0.0664998775484831
-0.0662393707675073
-0.0659799213736465
-0.0657215250828414
-0.0654641776162555
-0.0652078746999732
-0.0649526120649118
-0.0646983854469339
-0.0644451905871542
-0.0641930232324173
-0.0639418791359299
-0.0636917540580288
-0.0634426437670553
-0.063194544040319
-0.0629474506651237
-0.0627013594398329
-0.0624562661749545
-0.0622121666942229
-0.0619690568356596
-0.0617269324525981
-0.0614857894146561
-0.0612456236086457
-0.0610064309394123
-0.0607682073305915
-0.0605309487252828
-0.060294651086634
-0.0600593103983327
-0.059824922665009
-0.059591483912541
-0.0593589901882723
-0.0591274375611354
-0.0588968221216876
-0.0586671399820577
-0.0584383872758079
-0.0582105601577139
-0.0579836548034649
-0.0577576674092881
-0.0575325941915033
-0.057308431386012
-0.0570851752477287
-0.0568628220499601
-0.056641368083743
-0.0564208096571485
-0.0562011430945642
-0.0559823647359654
-0.055764470936186
-0.0555474580642014
-0.0553313225024373
-0.0551160606461123
-0.0549016689026275
-0.0546881436910133
-0.0544754814414401
-0.0542636785948019
-0.0540527316023756
-0.0538426369255613
-0.0536333910357064
-0.0534249904140069
-0.0532174315514905
-0.0530107109490727
-0.0528048251176815
-0.0525997705784435
-0.0523955438629224
-0.0521921415134025
-0.051989560083207
-0.051787796137041
-0.0515868462513516
-0.0513867070146962
-0.0511873750281091
-0.0509888469054628
-0.0507911192738148
-0.0505941887737361
-0.0503980520596179
-0.0502027057999516
-0.0500081466775825
-0.0498143713899327
-0.0496213766491961
-0.0494291591824997
-0.049237715732038
-0.0490470430551742
-0.0488571379245124
-0.0486679971279399
-0.0484796174686386
-0.0482919957650675
-0.0481051288509152
-0.0479190135750216
-0.0477336468012715
-0.0475490254084571
-0.0473651462901138
-0.0471820063543247
-0.046999602523503
-0.0468179317341467
-0.0466369909365729
-0.0464567770946337
-0.0462772871854165
-0.0460985181989361
-0.0459204671378186
-0.0457431310169878
-0.0455665068633556
-0.0453905917155235
-0.0452153826235003
-0.0450408766484403
-0.044867070862408
-0.0446939623481713
-0.0445215481990265
-0.0443498255186595
-0.0441787914210404
-0.0440084430303544
-0.0438387774809681
-0.043669791917428
-0.0435014834944897
-0.0433338493771744
-0.0431668867408485
-0.0430005927713223
-0.0428349646649646
-0.042669999628826
-0.04250569488077
-0.042342047649605
-0.0421790551752154
-0.0420167147086882
-0.0418550235124317
-0.0416939788602854
-0.0415335780376194
-0.041373818341421
-0.0412146970803693
-0.0410562115748987
-0.0408983591572475
-0.0407411371714966
-0.0405845429735962
-0.0404285739313798
-0.0402732274245698
-0.0401185008447708
-0.0399643915954526
-0.039810897091924
-0.0396580147612946
-0.039505742042425
-0.0393540763858685
-0.0392030152537974
-0.0390525561199202
-0.0389026964693844
-0.0387534337986691
-0.0386047656154646
-0.0384566894385417
-0.0383092027976106
-0.0381623032331725
-0.0380159882963631
-0.0378702555487931
-0.0377251025623861
-0.0375805269192177
-0.0374365262113579
-0.0372930980407196
-0.0371502400189162
-0.037007949767131
-0.0368662249159996
-0.0367250631055081
-0.0365844619849069
-0.0364444192126434
-0.0363049324563106
-0.0361659993926148
-0.0360276177073582
-0.0358897850954376
-0.0357524992608563
-0.0356157579167479
-0.0354795587854088
-0.0353438995983386
-0.035208778096284
-0.035074192029286
-0.0349401391567259
-0.0348066172473713
-0.0346736240794172
-0.034541157440523
-0.0344092151278436
-0.0342777949480538
-0.0341468947173675
-0.0340165122615475
-0.0338866454159119
-0.0337572920253319
-0.0336284499442253
-0.0335001170365438
-0.0333722911757567
-0.0332449702448296
-0.0331181521361992
-0.032991834751745
-0.0328660160027563
-0.0327406938098965
-0.0326158661031628
-0.0324915308218414
-0.0323676859144586
-0.0322443293387263
-0.0321214590614831
-0.0319990730586281
-0.0318771693150509
-0.0317557458245548
-0.0316348005897751
-0.031514331622093
-0.0313943369415452
-0.0312748145767305
-0.0311557625647154
-0.0310371789509387
-0.0309190617891173
-0.0308014091411551
-0.0306842190770556
-0.0305674896748406
-0.0304512190204752
-0.0303354052078008
-0.0302200463384776
-0.0301051405219359
-0.0299906858753363
-0.0298766805235408
-0.0297631225990921
-0.0296500102422009
-0.0295373416007424
-0.0294251148302568
-0.0293133280939573
-0.0292019795627396
-0.0290910674151955
-0.0289805898376267
-0.0288705450240577
-0.0287609311762482
-0.0286517465037027
-0.0285429892236769
-0.02843465756118
-0.0283267497489733
-0.0282192640275644
-0.0281121986451976
-0.0280055518578395
-0.0278993219291618
-0.0277935071305208
-0.0276881057409336
-0.0275831160470527
-0.027478536343138
-0.0273743649310279
-0.0272706001201085
-0.0271672402272816
-0.0270642835769319
-0.0269617285008926
-0.0268595733384094
-0.0267578164361026
-0.0266564561479275
-0.0265554908351328
-0.0264549188662153
-0.0263547386168729
-0.0262549484699541
-0.0261555468154055
-0.0260565320502155
-0.0259579025783567
-0.0258596568107261
-0.0257617931650834
-0.0256643100659904
-0.0255672059447491
-0.0254704792393419
-0.025374128394373
-0.025278151861014
-0.0251825480969515
-0.0250873155663409
-0.0249924527397637
-0.0248979580941911
-0.0248038301129522
-0.0247100672857089
-0.0246166681084352
-0.0245236310834023
-0.0244309547191674
-0.0243386375305676
-0.0242466780387154
-0.0241550747709973
-0.0240638262610744
