0.58
0.5805
0.581
0.5815
0.582
0.5825
0.583
0.5835
0.584
0.584499999999999
0.584999999999999
0.585499999999999
0.585999999999999
0.586499999999999
0.586999999999999
0.587499999999999
0.587999999999999
0.588499999999999
0.588999999999999
0.589499999999999
0.589999999999999
0.590499999999999
0.590999999999999
0.591499999999999
0.591999999999999
0.592499999999999
0.592999999999999
0.593499999999998
0.593999999999998
0.594499999999998
0.594999999999998
0.595499999999998
0.595999999999998
0.596499999999998
0.596999999999998
0.597499999999998
0.597999999999998
0.598499999999998
0.598999999999998
0.599499999999998
0.599999999999998
0.600499999999998
0.600999999999998
0.601499999999998
0.601999999999998
0.602499999999997
0.602999999999997
0.603499999999997
0.603999999999997
0.604499999999997
0.604999999999997
0.605499999999997
0.605999999999997
0.606499999999997
0.606999999999997
0.607499999999997
0.607999999999997
0.608499999999997
0.608999999999997
0.609499999999997
0.609999999999997
0.610499999999997
0.610999999999997
0.611499999999996
0.611999999999996
0.612499999999996
0.612999999999996
0.613499999999996
0.613999999999996
0.614499999999996
0.614999999999996
0.615499999999996
0.615999999999996
0.616499999999996
0.616999999999996
0.617499999999996
0.617999999999996
0.618499999999996
0.618999999999996
0.619499999999996
0.619999999999996
0.620499999999995
0.620999999999995
0.621499999999995
0.621999999999995
0.622499999999995
0.622999999999995
0.623499999999995
0.623999999999995
0.624499999999995
0.624999999999995
0.625499999999995
0.625999999999995
0.626499999999995
0.626999999999995
0.627499999999995
0.627999999999995
0.628499999999995
0.628999999999995
0.629499999999995
0.629999999999994
0.630499999999994
0.630999999999994
0.631499999999994
0.631999999999994
0.632499999999994
0.632999999999994
0.633499999999994
0.633999999999994
0.634499999999994
0.634999999999994
0.635499999999994
0.635999999999994
0.636499999999994
0.636999999999994
0.637499999999994
0.637999999999994
0.638499999999994
0.638999999999993
0.639499999999993
0.639999999999993
0.640499999999993
0.640999999999993
0.641499999999993
0.641999999999993
0.642499999999993
0.642999999999993
0.643499999999993
0.643999999999993
0.644499999999993
0.644999999999993
0.645499999999993
0.645999999999993
0.646499999999993
0.646999999999993
0.647499999999993
0.647999999999992
0.648499999999992
0.648999999999992
0.649499999999992
0.649999999999992
0.650499999999992
0.650999999999992
0.651499999999992
0.651999999999992
0.652499999999992
0.652999999999992
0.653499999999992
0.653999999999992
0.654499999999992
0.654999999999992
0.655499999999992
0.655999999999992
0.656499999999992
0.656999999999991
0.657499999999991
0.657999999999991
0.658499999999991
0.658999999999991
0.659499999999991
0.659999999999991
0.660499999999991
0.660999999999991
0.661499999999991
0.661999999999991
0.662499999999991
0.662999999999991
0.663499999999991
0.663999999999991
0.664499999999991
0.664999999999991
0.665499999999991
0.66599999999999
0.66649999999999
0.66699999999999
0.66749999999999
0.66799999999999
0.66849999999999
0.66899999999999
0.66949999999999
0.66999999999999
0.67049999999999
0.67099999999999
0.67149999999999
0.67199999999999
0.67249999999999
0.67299999999999
0.67349999999999
0.67399999999999
0.67449999999999
0.674999999999989
0.675499999999989
0.675999999999989
0.676499999999989
0.676999999999989
0.677499999999989
0.677999999999989
0.678499999999989
0.678999999999989
0.679499999999989
0.679999999999989
0.680499999999989
0.680999999999989
0.681499999999989
0.681999999999989
0.682499999999989
0.682999999999989
0.683499999999989
0.683999999999989
0.684499999999988
0.684999999999988
0.685499999999988
0.685999999999988
0.686499999999988
0.686999999999988
0.687499999999988
0.687999999999988
0.688499999999988
0.688999999999988
0.689499999999988
0.689999999999988
0.690499999999988
0.690999999999988
0.691499999999988
0.691999999999988
0.692499999999988
0.692999999999988
0.693499999999987
0.693999999999987
0.694499999999987
0.694999999999987
0.695499999999987
0.695999999999987
0.696499999999987
0.696999999999987
0.697499999999987
0.697999999999987
0.698499999999987
0.698999999999987
0.699499999999987
0.699999999999987
0.700499999999987
0.700999999999987
0.701499999999987
0.701999999999987
0.702499999999986
0.702999999999986
0.703499999999986
0.703999999999986
0.704499999999986
0.704999999999986
0.705499999999986
0.705999999999986
0.706499999999986
0.706999999999986
0.707499999999986
0.707999999999986
0.708499999999986
0.708999999999986
0.709499999999986
0.709999999999986
0.710499999999986
0.710999999999986
0.711499999999985
0.711999999999985
0.712499999999985
0.712999999999985
0.713499999999985
0.713999999999985
0.714499999999985
0.714999999999985
0.715499999999985
0.715999999999985
0.716499999999985
0.716999999999985
0.717499999999985
0.717999999999985
0.718499999999985
0.718999999999985
0.719499999999985
0.719999999999985
0.720499999999984
0.720999999999984
0.721499999999984
0.721999999999984
0.722499999999984
0.722999999999984
0.723499999999984
0.723999999999984
0.724499999999984
0.724999999999984
0.725499999999984
0.725999999999984
0.726499999999984
0.726999999999984
0.727499999999984
0.727999999999984
0.728499999999984
0.728999999999984
0.729499999999983
0.729999999999983
0.730499999999983
0.730999999999983
0.731499999999983
0.731999999999983
0.732499999999983
0.732999999999983
0.733499999999983
0.733999999999983
0.734499999999983
0.734999999999983
0.735499999999983
0.735999999999983
0.736499999999983
0.736999999999983
0.737499999999983
0.737999999999983
0.738499999999983
0.738999999999982
0.739499999999982
0.739999999999982
0.740499999999982
0.740999999999982
0.741499999999982
0.741999999999982
0.742499999999982
0.742999999999982
0.743499999999982
0.743999999999982
0.744499999999982
0.744999999999982
0.745499999999982
0.745999999999982
0.746499999999982
0.746999999999982
0.747499999999982
0.747999999999981
0.748499999999981
0.748999999999981
0.749499999999981
0.749999999999981
0.750499999999981
0.750999999999981
0.751499999999981
0.751999999999981
0.752499999999981
0.752999999999981
0.753499999999981
0.753999999999981
0.754499999999981
0.754999999999981
0.755499999999981
0.755999999999981
0.756499999999981
0.75699999999998
0.75749999999998
0.75799999999998
0.75849999999998
0.75899999999998
0.75949999999998
0.75999999999998
0.76049999999998
0.76099999999998
0.76149999999998
0.76199999999998
0.76249999999998
0.76299999999998
0.76349999999998
0.76399999999998
0.76449999999998
0.76499999999998
0.76549999999998
0.765999999999979
0.766499999999979
0.766999999999979
0.767499999999979
0.767999999999979
0.768499999999979
0.768999999999979
0.769499999999979
0.769999999999979
0.770499999999979
0.770999999999979
0.771499999999979
0.771999999999979
0.772499999999979
0.772999999999979
0.773499999999979
0.773999999999979
0.774499999999979
0.774999999999978
0.775499999999978
0.775999999999978
0.776499999999978
0.776999999999978
0.777499999999978
0.777999999999978
0.778499999999978
0.778999999999978
0.779499999999978
0.779999999999978
0.780499999999978
0.780999999999978
0.781499999999978
0.781999999999978
0.782499999999978
0.782999999999978
0.783499999999978
0.783999999999977
0.784499999999977
0.784999999999977
0.785499999999977
0.785999999999977
0.786499999999977
0.786999999999977
0.787499999999977
0.787999999999977
0.788499999999977
0.788999999999977
0.789499999999977
0.789999999999977
0.790499999999977
0.790999999999977
0.791499999999977
0.791999999999977
0.792499999999977
0.792999999999977
0.793499999999976
0.793999999999976
0.794499999999976
0.794999999999976
0.795499999999976
0.795999999999976
0.796499999999976
0.796999999999976
0.797499999999976
0.797999999999976
0.798499999999976
0.798999999999976
0.799499999999976
0.799999999999976
0.800499999999976
0.800999999999976
0.801499999999976
0.801999999999976
0.802499999999975
0.802999999999975
0.803499999999975
0.803999999999975
0.804499999999975
0.804999999999975
0.805499999999975
0.805999999999975
0.806499999999975
0.806999999999975
0.807499999999975
0.807999999999975
0.808499999999975
0.808999999999975
0.809499999999975
0.809999999999975
0.810499999999975
0.810999999999975
0.811499999999974
0.811999999999974
0.812499999999974
0.812999999999974
0.813499999999974
0.813999999999974
0.814499999999974
0.814999999999974
0.815499999999974
0.815999999999974
0.816499999999974
0.816999999999974
0.817499999999974
0.817999999999974
0.818499999999974
0.818999999999974
0.819499999999974
0.819999999999974
0.820499999999973
0.820999999999973
0.821499999999973
0.821999999999973
0.822499999999973
0.822999999999973
0.823499999999973
0.823999999999973
0.824499999999973
0.824999999999973
0.825499999999973
0.825999999999973
0.826499999999973
0.826999999999973
0.827499999999973
0.827999999999973
0.828499999999973
0.828999999999973
0.829499999999972
0.829999999999972
0.830499999999972
0.830999999999972
0.831499999999972
0.831999999999972
0.832499999999972
0.832999999999972
0.833499999999972
0.833999999999972
0.834499999999972
0.834999999999972
0.835499999999972
0.835999999999972
0.836499999999972
0.836999999999972
0.837499999999972
0.837999999999972
0.838499999999971
0.838999999999971
0.839499999999971
0.839999999999971
0.840499999999971
0.840999999999971
0.841499999999971
0.841999999999971
0.842499999999971
0.842999999999971
0.843499999999971
0.843999999999971
0.844499999999971
0.844999999999971
0.845499999999971
0.845999999999971
0.846499999999971
0.846999999999971
0.84749999999997
0.84799999999997
0.84849999999997
0.84899999999997
0.84949999999997
0.84999999999997
0.85049999999997
0.85099999999997
0.85149999999997
0.85199999999997
0.85249999999997
0.85299999999997
0.85349999999997
0.85399999999997
0.85449999999997
0.85499999999997
0.85549999999997
0.85599999999997
0.85649999999997
0.856999999999969
0.857499999999969
0.857999999999969
0.858499999999969
0.858999999999969
0.859499999999969
0.859999999999969
0.860499999999969
0.860999999999969
0.861499999999969
0.861999999999969
0.862499999999969
0.862999999999969
0.863499999999969
0.863999999999969
0.864499999999969
0.864999999999969
0.865499999999969
0.865999999999968
0.866499999999968
0.866999999999968
0.867499999999968
0.867999999999968
0.868499999999968
0.868999999999968
0.869499999999968
0.869999999999968
0.870499999999968
0.870999999999968
0.871499999999968
0.871999999999968
0.872499999999968
0.872999999999968
0.873499999999968
0.873999999999968
0.874499999999968
0.874999999999967
0.875499999999967
0.875999999999967
0.876499999999967
0.876999999999967
0.877499999999967
0.877999999999967
0.878499999999967
0.878999999999967
0.879499999999967
0.879999999999967
0.880499999999967
0.880999999999967
0.881499999999967
0.881999999999967
0.882499999999967
0.882999999999967
0.883499999999967
0.883999999999966
0.884499999999966
0.884999999999966
0.885499999999966
0.885999999999966
0.886499999999966
0.886999999999966
0.887499999999966
0.887999999999966
0.888499999999966
0.888999999999966
0.889499999999966
0.889999999999966
0.890499999999966
0.890999999999966
0.891499999999966
0.891999999999966
0.892499999999966
0.892999999999965
0.893499999999965
0.893999999999965
0.894499999999965
0.894999999999965
0.895499999999965
0.895999999999965
0.896499999999965
0.896999999999965
0.897499999999965
0.897999999999965
0.898499999999965
0.898999999999965
0.899499999999965
0.899999999999965
0.900499999999965
0.900999999999965
0.901499999999965
0.901999999999964
0.902499999999964
0.902999999999964
0.903499999999964
0.903999999999964
0.904499999999964
0.904999999999964
0.905499999999964
0.905999999999964
0.906499999999964
0.906999999999964
0.907499999999964
0.907999999999964
0.908499999999964
0.908999999999964
0.909499999999964
0.909999999999964
0.910499999999964
0.910999999999964
0.911499999999963
0.911999999999963
0.912499999999963
0.912999999999963
0.913499999999963
0.913999999999963
0.914499999999963
0.914999999999963
0.915499999999963
0.915999999999963
0.916499999999963
0.916999999999963
0.917499999999963
0.917999999999963
0.918499999999963
0.918999999999963
0.919499999999963
0.919999999999963
0.920499999999962
0.920999999999962
0.921499999999962
0.921999999999962
0.922499999999962
0.922999999999962
0.923499999999962
0.923999999999962
0.924499999999962
0.924999999999962
0.925499999999962
0.925999999999962
0.926499999999962
0.926999999999962
0.927499999999962
0.927999999999962
0.928499999999962
0.928999999999962
0.929499999999961
0.929999999999961
0.930499999999961
0.930999999999961
0.931499999999961
0.931999999999961
0.932499999999961
0.932999999999961
0.933499999999961
0.933999999999961
0.934499999999961
0.934999999999961
0.935499999999961
0.935999999999961
0.936499999999961
0.936999999999961
0.937499999999961
0.937999999999961
0.93849999999996
0.93899999999996
0.93949999999996
0.93999999999996
0.94049999999996
0.94099999999996
0.94149999999996
0.94199999999996
0.94249999999996
0.94299999999996
0.94349999999996
0.94399999999996
0.94449999999996
0.94499999999996
0.94549999999996
0.94599999999996
0.94649999999996
0.94699999999996
0.947499999999959
0.947999999999959
0.948499999999959
0.948999999999959
0.949499999999959
0.949999999999959
0.950499999999959
0.950999999999959
0.951499999999959
0.951999999999959
0.952499999999959
0.952999999999959
0.953499999999959
0.953999999999959
0.954499999999959
0.954999999999959
0.955499999999959
0.955999999999959
0.956499999999958
0.956999999999958
0.957499999999958
0.957999999999958
0.958499999999958
0.958999999999958
0.959499999999958
0.959999999999958
0.960499999999958
0.960999999999958
0.961499999999958
0.961999999999958
0.962499999999958
0.962999999999958
0.963499999999958
0.963999999999958
0.964499999999958
0.964999999999958
0.965499999999958
0.965999999999957
0.966499999999957
0.966999999999957
0.967499999999957
0.967999999999957
0.968499999999957
0.968999999999957
0.969499999999957
0.969999999999957
0.970499999999957
0.970999999999957
0.971499999999957
0.971999999999957
0.972499999999957
0.972999999999957
0.973499999999957
0.973999999999957
0.974499999999957
0.974999999999956
0.975499999999956
0.975999999999956
0.976499999999956
0.976999999999956
0.977499999999956
0.977999999999956
0.978499999999956
0.978999999999956
0.979499999999956
0.979999999999956
0.980499999999956
0.980999999999956
0.981499999999956
0.981999999999956
0.982499999999956
0.982999999999956
0.983499999999956
0.983999999999955
0.984499999999955
0.984999999999955
0.985499999999955
0.985999999999955
0.986499999999955
0.986999999999955
0.987499999999955
0.987999999999955
0.988499999999955
0.988999999999955
0.989499999999955
0.989999999999955
0.990499999999955
0.990999999999955
0.991499999999955
0.991999999999955
0.992499999999955
0.992999999999954
0.993499999999954
0.993999999999954
0.994499999999954
0.994999999999954
0.995499999999954
0.995999999999954
0.996499999999954
0.996999999999954
0.997499999999954
0.997999999999954
0.998499999999954
0.998999999999954
0.999499999999954
0.999999999999954
1.00049999999995
1.00099999999995
1.00149999999995
1.00199999999995
1.00249999999995
1.00299999999995
1.00349999999995
1.00399999999995
1.00449999999995
1.00499999999995
1.00549999999995
1.00599999999995
1.00649999999995
1.00699999999995
1.00749999999995
1.00799999999995
1.00849999999995
1.00899999999995
1.00949999999995
1.00999999999995
1.01049999999995
1.01099999999995
1.01149999999995
1.01199999999995
1.01249999999995
1.01299999999995
1.01349999999995
1.01399999999995
1.01449999999995
1.01499999999995
1.01549999999995
1.01599999999995
1.01649999999995
1.01699999999995
1.01749999999995
1.01799999999995
1.01849999999995
1.01899999999995
1.01949999999995
1.01999999999995
1.02049999999995
1.02099999999995
1.02149999999995
1.02199999999995
1.02249999999995
1.02299999999995
1.02349999999995
1.02399999999995
1.02449999999995
1.02499999999995
1.02549999999995
1.02599999999995
1.02649999999995
1.02699999999995
1.02749999999995
1.02799999999995
1.02849999999995
1.02899999999995
1.02949999999995
1.02999999999995
1.03049999999995
1.03099999999995
1.03149999999995
1.03199999999995
1.03249999999995
1.03299999999995
1.03349999999995
1.03399999999995
1.03449999999995
1.03499999999995
1.03549999999995
1.03599999999995
1.03649999999995
1.03699999999995
1.03749999999995
1.03799999999995
1.03849999999995
1.03899999999995
1.03949999999995
1.03999999999995
1.04049999999995
1.04099999999995
1.04149999999995
1.04199999999995
1.04249999999995
1.04299999999995
1.04349999999995
1.04399999999995
1.04449999999995
1.04499999999995
1.04549999999995
1.04599999999995
1.04649999999995
1.04699999999995
1.04749999999995
1.04799999999995
1.04849999999995
1.04899999999995
1.04949999999995
1.04999999999995
1.05049999999995
1.05099999999995
1.05149999999995
1.05199999999995
1.05249999999995
1.05299999999995
1.05349999999995
1.05399999999995
1.05449999999995
1.05499999999995
1.05549999999995
1.05599999999995
1.05649999999995
1.05699999999995
1.05749999999995
1.05799999999995
1.05849999999995
1.05899999999995
1.05949999999995
1.05999999999995
1.06049999999995
1.06099999999995
1.06149999999995
1.06199999999995
1.06249999999995
1.06299999999995
1.06349999999995
1.06399999999995
1.06449999999995
1.06499999999995
1.06549999999995
1.06599999999995
1.06649999999995
1.06699999999995
1.06749999999995
1.06799999999995
1.06849999999995
1.06899999999995
1.06949999999995
1.06999999999995
1.07049999999995
1.07099999999995
1.07149999999995
1.07199999999995
1.07249999999995
1.07299999999995
1.07349999999995
1.07399999999995
1.07449999999995
1.07499999999995
1.07549999999995
1.07599999999995
1.07649999999995
1.07699999999995
1.07749999999995
1.07799999999995
1.07849999999995
1.07899999999995
1.07949999999995
1.07999999999995
1.08049999999994
1.08099999999994
1.08149999999994
1.08199999999994
1.08249999999994
1.08299999999994
1.08349999999994
1.08399999999994
1.08449999999994
1.08499999999994
1.08549999999994
1.08599999999994
1.08649999999994
1.08699999999994
1.08749999999994
1.08799999999994
1.08849999999994
1.08899999999994
1.08949999999994
1.08999999999994
1.09049999999994
1.09099999999994
1.09149999999994
1.09199999999994
1.09249999999994
1.09299999999994
1.09349999999994
1.09399999999994
1.09449999999994
1.09499999999994
1.09549999999994
1.09599999999994
1.09649999999994
1.09699999999994
1.09749999999994
1.09799999999994
1.09849999999994
1.09899999999994
1.09949999999994
1.09999999999994
1.10049999999994
1.10099999999994
1.10149999999994
1.10199999999994
1.10249999999994
1.10299999999994
1.10349999999994
1.10399999999994
1.10449999999994
1.10499999999994
1.10549999999994
1.10599999999994
1.10649999999994
1.10699999999994
1.10749999999994
1.10799999999994
1.10849999999994
1.10899999999994
1.10949999999994
1.10999999999994
1.11049999999994
1.11099999999994
1.11149999999994
1.11199999999994
1.11249999999994
1.11299999999994
1.11349999999994
1.11399999999994
1.11449999999994
1.11499999999994
1.11549999999994
1.11599999999994
1.11649999999994
1.11699999999994
1.11749999999994
1.11799999999994
1.11849999999994
1.11899999999994
1.11949999999994
1.11999999999994
1.12049999999994
1.12099999999994
1.12149999999994
1.12199999999994
1.12249999999994
1.12299999999994
1.12349999999994
1.12399999999994
1.12449999999994
1.12499999999994
1.12549999999994
1.12599999999994
1.12649999999994
1.12699999999994
1.12749999999994
1.12799999999994
1.12849999999994
1.12899999999994
1.12949999999994
1.12999999999994
1.13049999999994
1.13099999999994
1.13149999999994
1.13199999999994
1.13249999999994
1.13299999999994
1.13349999999994
1.13399999999994
1.13449999999994
1.13499999999994
1.13549999999994
1.13599999999994
1.13649999999994
1.13699999999994
1.13749999999994
1.13799999999994
1.13849999999994
1.13899999999994
1.13949999999994
1.13999999999994
1.14049999999994
1.14099999999994
1.14149999999994
1.14199999999994
1.14249999999994
1.14299999999994
1.14349999999994
1.14399999999994
1.14449999999994
1.14499999999994
1.14549999999994
1.14599999999994
1.14649999999994
1.14699999999994
1.14749999999994
1.14799999999994
1.14849999999994
1.14899999999994
1.14949999999994
1.14999999999994
1.15049999999994
1.15099999999994
1.15149999999994
1.15199999999994
1.15249999999994
1.15299999999994
1.15349999999994
1.15399999999994
1.15449999999994
1.15499999999994
1.15549999999994
1.15599999999994
1.15649999999994
1.15699999999994
1.15749999999994
1.15799999999994
1.15849999999994
1.15899999999994
1.15949999999994
1.15999999999994
1.16049999999994
1.16099999999994
1.16149999999994
1.16199999999994
1.16249999999994
1.16299999999994
1.16349999999994
1.16399999999994
1.16449999999994
1.16499999999994
1.16549999999994
1.16599999999994
1.16649999999994
1.16699999999994
1.16749999999994
1.16799999999994
1.16849999999994
1.16899999999994
1.16949999999994
1.16999999999994
1.17049999999994
1.17099999999993
1.17149999999993
1.17199999999993
1.17249999999993
1.17299999999993
1.17349999999993
1.17399999999993
1.17449999999993
1.17499999999993
1.17549999999993
1.17599999999993
1.17649999999993
1.17699999999993
1.17749999999993
1.17799999999993
1.17849999999993
1.17899999999993
1.17949999999993
1.17999999999993
1.18049999999993
1.18099999999993
1.18149999999993
1.18199999999993
1.18249999999993
1.18299999999993
1.18349999999993
1.18399999999993
1.18449999999993
1.18499999999993
1.18549999999993
1.18599999999993
1.18649999999993
1.18699999999993
1.18749999999993
1.18799999999993
1.18849999999993
1.18899999999993
1.18949999999993
1.18999999999993
1.19049999999993
1.19099999999993
1.19149999999993
1.19199999999993
1.19249999999993
1.19299999999993
1.19349999999993
1.19399999999993
1.19449999999993
1.19499999999993
1.19549999999993
1.19599999999993
1.19649999999993
1.19699999999993
1.19749999999993
1.19799999999993
1.19849999999993
1.19899999999993
1.19949999999993
1.19999999999993
1.20049999999993
1.20099999999993
1.20149999999993
1.20199999999993
1.20249999999993
1.20299999999993
1.20349999999993
1.20399999999993
1.20449999999993
1.20499999999993
1.20549999999993
1.20599999999993
1.20649999999993
1.20699999999993
1.20749999999993
1.20799999999993
1.20849999999993
1.20899999999993
1.20949999999993
1.20999999999993
1.21049999999993
1.21099999999993
1.21149999999993
1.21199999999993
1.21249999999993
1.21299999999993
1.21349999999993
1.21399999999993
1.21449999999993
1.21499999999993
1.21549999999993
1.21599999999993
1.21649999999993
1.21699999999993
1.21749999999993
1.21799999999993
1.21849999999993
1.21899999999993
1.21949999999993
1.21999999999993
1.22049999999993
1.22099999999993
1.22149999999993
1.22199999999993
1.22249999999993
1.22299999999993
1.22349999999993
1.22399999999993
1.22449999999993
1.22499999999993
1.22549999999993
1.22599999999993
1.22649999999993
1.22699999999993
1.22749999999993
1.22799999999993
1.22849999999993
1.22899999999993
1.22949999999993
1.22999999999993
1.23049999999993
1.23099999999993
1.23149999999993
1.23199999999993
1.23249999999993
1.23299999999993
1.23349999999993
1.23399999999993
1.23449999999993
1.23499999999993
1.23549999999993
1.23599999999993
1.23649999999993
1.23699999999993
1.23749999999993
1.23799999999993
1.23849999999993
1.23899999999993
1.23949999999993
1.23999999999993
1.24049999999993
1.24099999999993
1.24149999999993
1.24199999999993
1.24249999999993
1.24299999999993
1.24349999999993
1.24399999999993
1.24449999999993
1.24499999999993
1.24549999999993
1.24599999999993
1.24649999999993
1.24699999999993
1.24749999999993
1.24799999999993
1.24849999999993
1.24899999999993
1.24949999999993
1.24999999999993
1.25049999999993
1.25099999999993
1.25149999999993
1.25199999999993
1.25249999999993
1.25299999999993
1.25349999999993
1.25399999999993
1.25449999999993
1.25499999999993
1.25549999999993
1.25599999999993
1.25649999999993
1.25699999999993
1.25749999999993
1.25799999999993
1.25849999999993
1.25899999999993
1.25949999999993
1.25999999999993
1.26049999999993
1.26099999999993
1.26149999999993
1.26199999999992
1.26249999999992
1.26299999999992
1.26349999999992
1.26399999999992
1.26449999999992
1.26499999999992
1.26549999999992
1.26599999999992
1.26649999999992
1.26699999999992
1.26749999999992
1.26799999999992
1.26849999999992
1.26899999999992
1.26949999999992
1.26999999999992
1.27049999999992
1.27099999999992
1.27149999999992
1.27199999999992
1.27249999999992
1.27299999999992
1.27349999999992
1.27399999999992
1.27449999999992
1.27499999999992
1.27549999999992
1.27599999999992
1.27649999999992
1.27699999999992
1.27749999999992
1.27799999999992
1.27849999999992
1.27899999999992
1.27949999999992
1.27999999999992
1.28049999999992
1.28099999999992
1.28149999999992
1.28199999999992
1.28249999999992
1.28299999999992
1.28349999999992
1.28399999999992
1.28449999999992
1.28499999999992
1.28549999999992
1.28599999999992
1.28649999999992
1.28699999999992
1.28749999999992
1.28799999999992
1.28849999999992
1.28899999999992
1.28949999999992
1.28999999999992
1.29049999999992
1.29099999999992
1.29149999999992
1.29199999999992
1.29249999999992
1.29299999999992
1.29349999999992
1.29399999999992
1.29449999999992
1.29499999999992
1.29549999999992
1.29599999999992
1.29649999999992
1.29699999999992
1.29749999999992
1.29799999999992
1.29849999999992
1.29899999999992
1.29949999999992
1.29999999999992
1.30049999999992
1.30099999999992
1.30149999999992
1.30199999999992
1.30249999999992
1.30299999999992
1.30349999999992
1.30399999999992
1.30449999999992
1.30499999999992
1.30549999999992
1.30599999999992
1.30649999999992
1.30699999999992
1.30749999999992
1.30799999999992
1.30849999999992
1.30899999999992
1.30949999999992
1.30999999999992
1.31049999999992
1.31099999999992
1.31149999999992
1.31199999999992
1.31249999999992
1.31299999999992
1.31349999999992
1.31399999999992
1.31449999999992
1.31499999999992
1.31549999999992
1.31599999999992
1.31649999999992
1.31699999999992
1.31749999999992
1.31799999999992
1.31849999999992
1.31899999999992
1.31949999999992
1.31999999999992
1.32049999999992
1.32099999999992
1.32149999999992
1.32199999999992
1.32249999999992
1.32299999999992
1.32349999999992
1.32399999999992
1.32449999999992
1.32499999999992
1.32549999999992
1.32599999999992
1.32649999999992
1.32699999999992
1.32749999999992
1.32799999999992
1.32849999999992
1.32899999999992
1.32949999999992
1.32999999999992
1.33049999999992
1.33099999999992
1.33149999999992
1.33199999999992
1.33249999999992
1.33299999999992
1.33349999999992
1.33399999999992
1.33449999999992
1.33499999999992
1.33549999999992
1.33599999999992
1.33649999999992
1.33699999999992
1.33749999999992
1.33799999999992
1.33849999999992
1.33899999999992
1.33949999999992
1.33999999999992
1.34049999999992
1.34099999999992
1.34149999999992
1.34199999999992
1.34249999999992
1.34299999999992
1.34349999999992
1.34399999999992
1.34449999999992
1.34499999999992
1.34549999999992
1.34599999999992
1.34649999999992
1.34699999999992
1.34749999999992
1.34799999999992
1.34849999999992
1.34899999999992
1.34949999999992
1.34999999999992
1.35049999999992
1.35099999999992
1.35149999999992
1.35199999999992
1.35249999999991
1.35299999999991
1.35349999999991
1.35399999999991
1.35449999999991
1.35499999999991
1.35549999999991
1.35599999999991
1.35649999999991
1.35699999999991
1.35749999999991
1.35799999999991
1.35849999999991
1.35899999999991
1.35949999999991
1.35999999999991
1.36049999999991
1.36099999999991
1.36149999999991
1.36199999999991
1.36249999999991
1.36299999999991
1.36349999999991
1.36399999999991
1.36449999999991
1.36499999999991
1.36549999999991
1.36599999999991
1.36649999999991
1.36699999999991
1.36749999999991
1.36799999999991
1.36849999999991
1.36899999999991
1.36949999999991
1.36999999999991
1.37049999999991
1.37099999999991
1.37149999999991
1.37199999999991
1.37249999999991
1.37299999999991
1.37349999999991
1.37399999999991
1.37449999999991
1.37499999999991
1.37549999999991
1.37599999999991
1.37649999999991
1.37699999999991
1.37749999999991
1.37799999999991
1.37849999999991
1.37899999999991
1.37949999999991
1.37999999999991
1.38049999999991
1.38099999999991
1.38149999999991
1.38199999999991
1.38249999999991
1.38299999999991
1.38349999999991
1.38399999999991
1.38449999999991
1.38499999999991
1.38549999999991
1.38599999999991
1.38649999999991
1.38699999999991
1.38749999999991
1.38799999999991
1.38849999999991
1.38899999999991
1.38949999999991
1.38999999999991
1.39049999999991
1.39099999999991
1.39149999999991
1.39199999999991
1.39249999999991
1.39299999999991
1.39349999999991
1.39399999999991
1.39449999999991
1.39499999999991
1.39549999999991
1.39599999999991
1.39649999999991
1.39699999999991
1.39749999999991
1.39799999999991
1.39849999999991
1.39899999999991
1.39949999999991
1.39999999999991
