5.27150178011406e-05
4.83280067800215e-05
4.33485450439762e-05
3.78725606368615e-05
3.20060857082943e-05
2.58636992680557e-05
1.95668020394665e-05
1.32417475069228e-05
7.01785598262348e-06
1.02534087871519e-06
-4.60682168127647e-06
-9.75304728181589e-06
-1.42932880208453e-05
-1.81151335505852e-05
-2.11158342209613e-05
-2.32042127437655e-05
-2.43024318830153e-05
-2.43475872910632e-05
-2.32930967365484e-05
-2.11098595865088e-05
-1.77871634762769e-05
-1.33333185931043e-05
-7.77600385787683e-06
-1.16231347313036e-06
6.44150325901427e-06
1.4950611308308e-05
2.42624661743848e-05
3.4257989912054e-05
4.48030350012588e-05
5.57501194301546e-05
6.69404118166893e-05
7.82059410872363e-05
8.93720012368768e-05
0.000100259718076022
0.000110688741688239
0.000120480025641364
0.000129458651855285
0.000137456658483988
0.00014431582724439
0.000149890386350423
0.000154049585604085
0.000156680101258638
0.000157688230002822
0.000157001833802757
0.000154572000356726
0.000150374387533403
0.000144410224330897
0.000136706945561935
0.000127318442575026
0.000116324917795829
0.000103832336640181
8.99714763273036e-05
7.48965772252771e-05
5.87836084973018e-05
4.18281658974821e-05
2.42430254949161e-05
6.25538279229525e-06
-1.18961879391947e-05
-2.99650143507876e-05
-4.76998025398735e-05
-6.48482613556712e-05
-8.11608232234202e-05
-9.63944077184165e-05
-0.000110316172370973
-0.000122707194231911
-0.000133366025602282
-0.000142112068049082
-0.000148788710395012
-0.000153266178779644
-0.000155444050118118
-0.000155253384301752
-0.000152658435248241
-0.000147657906356309
-0.000140285721989864
-0.00013061129322424
-0.000118739263149586
-0.000104808724444871
-8.899190960912e-05
-7.14923620549486e-05
-5.25426041188788e-05
-3.2401325813183e-05
-1.13501257124526e-05
1.03101573749469e-05
3.22634764713537e-05
5.418292045445e-05
7.57353126101632e-05
9.65860013548844e-05
0.000116403776661087
0.000134865842506903
0.000151662773414022
0.000166503381890831
0.000179119423396334
0.00018927006630833
0.000196746056321234
0.000201373507711693
0.000203017257965337
0.000201583727319123
0.00019702323078549
0.000189331697117656
0.000178551756866091
0.000164773170069172
0.000148132573106471
0.000128812533704779
0.000107039912893157
8.30835427232692e-05
5.72512386621008e-05
2.98861755807406e-05
1.36266606276575e-06
-2.79186108094213e-05
-5.75358731022247e-05
-8.70519267407658e-05
-0.000116020210398236
-0.000143991115071024
-0.000170518493244034
-0.000195166268054815
-0.000217515049568755
-0.000237168663239765
-0.000253760494913581
-0.000266959557364647
-0.000276476185359797
-0.000282067269611339
-0.000283540944695527
-0.000280760652027276
-0.000273648506240733
-0.000262187901743881
-0.000246425305699935
-0.000226471194122323
-0.000202500099023179
-0.000174749746486557
-0.000143519277983868
-0.000109166560053493
-7.21046004427723e-05
-3.27971017892958e-05
8.24680329445079e-06
5.04785794495937e-05
9.33170099693228e-05
0.00013615553309449
0.00017837010371294
0.000219327481817604
0.000258393841145801
0.000294943584848332
0.000328368249939453
0.000358085378762764
0.0003835472338543
0.000404249232451714
0.000419737978530764
0.000429618773656111
0.000433562493104591
0.000431311720623536
0.00042268604375961
0.000407586421857553
0.000385998550469128
0.000357995158906398
0.000323737191864501
0.000283473841257714
0.00023754141047128
0.000186361009922392
0.000130435099932906
7.03429142144474e-05
6.73481451642246e-06
-5.96743560472135e-05
-0.00012811283704006
-0.000197760332493489
-0.000267757096156783
-0.000337213592480106
-0.000405220593608184
-0.00047085956230904
-0.00053321316223833
-0.000591375730400099
-0.000644463542259057
-0.000691624697793409
-0.000732048456945146
-0.000764973855481917
-0.000789697437263047
-0.000805579946295445
-0.000812051831745762
-0.000808617431171041
-0.000794857711549859
-0.000770431464104602
-0.000735074867255785
-0.000688599352139108
-0.000630887726747746
-0.00056188853768643
-0.000481608672486002
-0.000390104230146169
-0.000287469712755254
-0.000173825616371909
-4.93045245249173e-05
8.59641676227073e-05
0.000231870746521604
0.000388342716219596
0.000555363181098857
0.00073298985982152
0.000921374497413867
0.00112078242720015
0.00133161202162828
0.00155441376114334
0.00178990864334471
0.00203900565087982
0.00230281799600273
0.00258267786256274
0.00288014937242482
0.00319703951299494
0.00353540677558444
0.00389756727075323
0.0042860981063935
0.00470383783703437
0.00515388381845001
0.00563958632995009
0.0061645393574283
0.00673256796309406
0.00734771220244945
0.00801420758520327
0.00873646211400488
0.00951902997282152
0.01036658197498
0.0112838729190289
0.0122757060381373
0.0133468947653986
0.0145022220726444
0.015746397673883
0.017084013415754
0.0185194972061724
0.0200570658581442
0.0217006772483646
0.023453982209227
0.0253202765881592
0.0273024539193565
0.0294029591600145
0.0316237439457167
0.0339662238178079
0.0364312378691459
0.0390190112437258
0.041729120910206
0.0445604651095625
0.0475112368529608
0.0505789018177773
0.0537601809576064
0.0570510381065071
0.0604466728187605
0.0639415186436233
0.0675292469901149
0.0712027766903785
0.0749542893218928
0.0787752502993512
0.0826564356967481
0.0865879647097198
0.0905593376177955
0.09455947905665
0.0985767863619486
0.102599182699646
0.106614174652904
0.110608913893783
0.114570262528723
0.118484861671216
0.12233920276309
0.126119701137994
0.129812771297183
0.133404903348787
0.13688274004767
0.140233153863828
0.143443323503137
0.146500809305292
0.149393626949822
0.152110318912174
0.154640023127958
0.156972538344237
0.159098385662242
0.161008865805623
0.162696111682274
0.164153135845323
0.165373872499898
0.166353213746274
0.167087039796567
0.167572242950859
0.167806745169019
0.167789509126094
0.167520542691444
0.167000896824362
0.16623265693122
0.165218927780739
0.163963812124407
0.162472383217728
0.16075065148469
0.158805525611944
0.156644768400493
0.15427694774071
0.151711383111048
0.148958088031458
0.146027708929236
0.142931460897346
0.139681060843323
0.136288658540316
0.132766766100786
0.129128186397679
0.125385940957739
0.121553197846865
0.117643200058416
0.113669194902022
0.109644364873242
0.105581760463209
0.101494235342896
0.0973943843286707
0.0932944845050897
0.089206439847476
0.0851417296512757
0.0811113610376925
0.0771258257662756
0.0731950615450846
0.0693284179884706
0.0655346273315109
0.0618217799693401
0.0581973048492085
0.0546679547035986
0.0512397960743442
0.0479182040408902
0.044707861530767
0.0416127630574474
0.0386362227001283
0.035780886111978
0.0330487463180807
0.0304411630419671
0.0279588852802644
0.0256020768288113
0.0233703444505333
0.0212627683655786
0.0192779347375599
0.0174139698263078
0.0156685754771166
0.0140390656190919
0.0125224034506218
0.0111152389981648
0.00981394674520273
0.00861466304121887
0.00751332301567218
0.00650569673895652
0.00558742439098284
0.00475405021809919
0.00400105508026343
0.00332388741250642
0.00271799244745565
0.00217883956883295
0.00170194768909646
0.00128290856757116
0.000917408008235053
0.000601244898618979
0.000330348072799319
0.00010079100206089
-9.11956637147913e-05
-0.000249213662648425
-0.000376688737328792
-0.000476864227675929
-0.000552796552978816
-0.00060735248377548
-0.000643208093834769
-0.000662849273815336
-0.000668573681213581
-0.000662493995971168
-0.000646542347541388
-0.000622475777275035
-0.000591882599608311
-0.000556189526636204
-0.000516669423137845
-0.000474449562885327
-0.000430520261992844
-0.000385743771026102
-0.00034086331446451
-0.000296512173758438
-0.000253222718507301
-0.000211435299072613
-0.000171506923095498
-0.000133719647770599
-9.82886292204725e-05
-6.53697797845857e-05
-3.50669933689418e-05
-7.43890809660166e-06
1.74948157573495e-05
3.97477162441202e-05
5.93612545284821e-05
7.64000426539772e-05
9.0947566362621e-05
0.000103102389133203
0.000112974818401286
0.000120684010454115
0.000126355486770202
0.00013011903158719
0.000132106938231957
0.000132452570204823
0.000131289202148466
0.000128749105618366
0.000124962844953028
0.000120058749476398
0.000114162529689609
0.000107397006970789
9.98819285315724e-05
9.17338419190134e-05
8.30660061308415e-05
7.39883193695407e-05
6.46072465297815e-05
5.50257326348435e-05
4.53430915474878e-05
3.56548623296509e-05
2.60526285549616e-05
1.66237986495075e-05
7.4513478991898e-06
-1.38647490836513e-06
-9.81647118293004e-06
-1.77708397801699e-05
-2.51875395506359e-05
-3.20106578023137e-05
-3.81907744770706e-05
-4.3685311350722e-05
-4.84588553939624e-05
-5.2483445560947e-05
-5.57388126915886e-05
-5.8212562896432e-05
-5.99002957185237e-05
-6.08056495014979e-05
-6.09402677120041e-05
-6.03236814276731e-05
-5.8983104779694e-05
-5.69531417942113e-05
-5.427540477082e-05
-5.09980460416337e-05
-4.71752066256447e-05
-4.28663869095236e-05
-3.81357460070596e-05
-3.30513378535041e-05
-2.76842933490424e-05
-2.21079589585998e-05
-1.63970030826194e-05
-1.06265022197628e-05
-4.87101944118151e-06
7.96312025816413e-07
6.30468724743726e-06
1.15864973694209e-05
1.65781544185064e-05
2.12208613799707e-05
2.54613165884028e-05
2.92523424265391e-05
3.25534294445862e-05
3.53311882745148e-05
3.75597030944193e-05
3.92207818751216e-05
4.03041001897909e-05
4.08072369595138e-05
4.07356021211839e-05
4.01022578073375e-05
3.89276362004058e-05
3.72391587365919e-05
3.50707627672224e-05
3.24623431148376e-05
2.9459117165452e-05
2.61109232052507e-05
2.2471462616043e-05
1.85974972851761e-05
1.45480141459917e-05
1.03833691404772e-05
6.16442308379996e-06
1.95168190489192e-06
-2.19554644926129e-06
-6.219966535886e-06
-1.00670699995767e-05
-1.36858595644912e-05
-1.70295126465595e-05
-2.00559757964847e-05
-2.27284823037188e-05
-2.50159865115011e-05
-2.68935096946102e-05
-2.83423937138189e-05
-2.93504600614757e-05
-2.99120733318478e-05
-3.00281095640906e-05
-2.97058312946479e-05
-2.89586724995067e-05
-2.78059378847468e-05
-2.62724221769058e-05
-2.43879561597839e-05
-2.218688718172e-05
-1.9707502707517e-05
-1.69914062002571e-05
-1.40828551803341e-05
-1.10280717185905e-05
-7.87453587050077e-06
-4.67027265013347e-06
-1.46314307547342e-06
1.69985040516828e-06
4.77323416712255e-06
7.7136999185056e-06
1.04806986828192e-05
1.30369842396823e-05
1.53490988772551e-05
1.73877952778085e-05
1.9128389393447e-05
2.05510402728807e-05
2.16409539409921e-05
2.23885096006651e-05
2.27893076010271e-05
2.28441397803351e-05
2.25588839275928e-05
2.19443252002011e-05
2.10159083663448e-05
1.97934257003414e-05
1.83006462302609e-05
1.65648928099088e-05
1.46165741512168e-05
1.24886795016664e-05
1.02162440743733e-05
7.83579363741648e-06
5.38477683588522e-06
2.90099385817993e-06
4.22029967502205e-07
-2.01529779569464e-06
-4.37547277076887e-06
-6.62478217038492e-06
-8.73178494139123e-06
-1.06677376687876e-05
-1.24069729296934e-05
-1.39272253039087e-05
-1.52099011063477e-05
-1.6240288809269e-05
-1.70077080546339e-05
-1.75055961053361e-05
-1.77315315322306e-05
-1.76871958725068e-05
-1.73782749021561e-05
-1.6814302037078e-05
-1.60084471947201e-05
-1.49772552029408e-05
-1.37403385238284e-05
-1.23200296589204e-05
-1.07409991117018e-05
-9.0298451944482e-06
-7.21466228059676e-06
-5.32459431054923e-06
-3.38938046403002e-06
-1.43889990944166e-06
4.97277561762428e-07
2.39032841279276e-06
4.21259344648584e-06
5.9379711804161e-06
7.54228106487491e-06
9.00359163855628e-06
1.03025093244635e-05
1.14224242279578e-05
1.23497100041426e-05
1.30738755961979e-05
1.35876674034422e-05
1.38871212022134e-05
1.39715639055245e-05
1.3843565994636e-05
1.35088461802182e-05
1.29761305368221e-05
1.22569689986957e-05
1.13655126919785e-05
1.03182561080267e-05
9.13374857642555e-06
7.83227988532358e-06
6.4355451979693e-06
4.96629463905237e-06
3.44797306295702e-06
1.90435557011135e-06
3.59184307790787e-07
-1.16418802099666e-06
-2.64314270780121e-06
-4.05612268296289e-06
-5.38293862490217e-06
-6.60504930530469e-06
-7.70581239882634e-06
-8.670702491047e-06
-9.4874935655479e-06
-1.01464038273796e-05
-1.06402013229851e-05
-1.09642694280957e-05
-1.11166318937802e-05
-1.10979377522249e-05
-1.09114069811157e-05
-1.05627383992139e-05
-1.00599818082418e-05
-9.41337689948683e-06
-8.6351619002185e-06
-7.73935534053222e-06
-6.74151466900468e-06
-5.65847573102874e-06
-4.5080773454151e-06
-3.30887536872679e-06
-2.07985072224581e-06
-8.40115874167013e-07
3.91375782082424e-07
1.59611332754012e-06
2.75630035014058e-06
3.85511170267194e-06
4.87693137296998e-06
5.80756819576848e-06
6.63444652234998e-06
7.34676938764849e-06
7.93565216821341e-06
8.39422520066309e-06
8.71770432237828e-06
8.90342879525691e-06
8.9508665730027e-06
8.86158736425979e-06
8.63920442146847e-06
8.28928644004417e-06
7.81924138180886e-06
7.23817442761871e-06
6.55672261963517e-06
5.78686906317007e-06
4.94173981904281e-06
4.03538682834093e-06
3.0825603679485e-06
2.09847463671347e-06
1.09857011841923e-06
9.82763573515489e-08
-8.87221281643665e-07
-1.84320741364396e-06
-2.75565170712443e-06
-3.61141015687132e-06
-4.39840973893409e-06
-5.10581392701513e-06
-5.72416687544112e-06
-6.24551443357087e-06
-6.66350053172636e-06
-6.97343787522943e-06
-7.17235228593633e-06
-7.25900043953618e-06
-7.23386115088868e-06
-7.09910075731776e-06
-6.85851353059499e-06
-6.51743841176397e-06
-6.08265369841255e-06
-5.56225162205633e-06
-4.96549502580549e-06
-4.30265858854482e-06
-3.58485723574466e-06
-2.8238645311185e-06
-2.0319239485615e-06
-1.22155598844156e-06
-4.05364117197784e-07
4.04157518022596e-07
1.19481172133497e-06
