   4.8148314e-01
   4.8145909e-01
   4.8141900e-01
   4.8136287e-01
   4.8129071e-01
   4.8120253e-01
   4.8109832e-01
   4.8097810e-01
   4.8084187e-01
   4.8068963e-01
   4.8052140e-01
   4.8033719e-01
   4.8013700e-01
   4.7992084e-01
   4.7968873e-01
   4.7944068e-01
   4.7917670e-01
   4.7889681e-01
   4.7860103e-01
   4.7828935e-01
   4.7796182e-01
   4.7761843e-01
   4.7725922e-01
   4.7688420e-01
   4.7649339e-01
   4.7608680e-01
   4.7566447e-01
   4.7522642e-01
   4.7477267e-01
   4.7430323e-01
   4.7381815e-01
   4.7331744e-01
   4.7280114e-01
   4.7226926e-01
   4.7172184e-01
   4.7115891e-01
   4.7058049e-01
   4.6998663e-01
   4.6937734e-01
   4.6875266e-01
   4.6811263e-01
   4.6745729e-01
   4.6678665e-01
   4.6610077e-01
   4.6539967e-01
   4.6468340e-01
   4.6395199e-01
   4.6320549e-01
   4.6244392e-01
   4.6166734e-01
   4.6087578e-01
   4.6006929e-01
   4.5924790e-01
   4.5841167e-01
   4.5756063e-01
   4.5669484e-01
   4.5581433e-01
   4.5491916e-01
   4.5400937e-01
   4.5308501e-01
   4.5214613e-01
   4.5119278e-01
   4.5022500e-01
   4.4924286e-01
   4.4824640e-01
   4.4723567e-01
   4.4621073e-01
   4.4517163e-01
   4.4411843e-01
   4.4305118e-01
   4.4196994e-01
   4.4087477e-01
   4.3976571e-01
   4.3864284e-01
   4.3750620e-01
   4.3635587e-01
   4.3519189e-01
   4.3401433e-01
   4.3282326e-01
   4.3161873e-01
   4.3040080e-01
   4.2916954e-01
   4.2792502e-01
   4.2666730e-01
   4.2539644e-01
   4.2411252e-01
   4.2281558e-01
   4.2150572e-01
   4.2018298e-01
   4.1884745e-01
   4.1749919e-01
   4.1613826e-01
   4.1476474e-01
   4.1337871e-01
   4.1198023e-01
   4.1056937e-01
   4.0914620e-01
   4.0771081e-01
   4.0626326e-01
   4.0480362e-01
   4.0333198e-01
   4.0184841e-01
   4.0035298e-01
   3.9884577e-01
   3.9732685e-01
   3.9579631e-01
   3.9425422e-01
   3.9270066e-01
   3.9113571e-01
   3.8955944e-01
   3.8797195e-01
   3.8637330e-01
   3.8476358e-01
   3.8314288e-01
   3.8151126e-01
   3.7986882e-01
   3.7821564e-01
   3.7655179e-01
   3.7487737e-01
   3.7319246e-01
   3.7149714e-01
   3.6979149e-01
   3.6807561e-01
   3.6634957e-01
   3.6461347e-01
   3.6286739e-01
   3.6111141e-01
   3.5934562e-01
   3.5757012e-01
   3.5578498e-01
   3.5399030e-01
   3.5218616e-01
   3.5037266e-01
   3.4854988e-01
   3.4671792e-01
   3.4487685e-01
   3.4302678e-01
   3.4116779e-01
   3.3929997e-01
   3.3742342e-01
   3.3553823e-01
   3.3364448e-01
   3.3174227e-01
   3.2983170e-01
   3.2791284e-01
   3.2598581e-01
   3.2405068e-01
   3.2210755e-01
   3.2015653e-01
   3.1819769e-01
   3.1623113e-01
   3.1425695e-01
   3.1227525e-01
   3.1028611e-01
   3.0828963e-01
   3.0628590e-01
   3.0427503e-01
   3.0225710e-01
   3.0023222e-01
   2.9820047e-01
   2.9616195e-01
   2.9411676e-01
   2.9206499e-01
   2.9000675e-01
   2.8794212e-01
   2.8587120e-01
   2.8379410e-01
   2.8171089e-01
   2.7962170e-01
   2.7752659e-01
   2.7542569e-01
   2.7331908e-01
   2.7120685e-01
   2.6908912e-01
   2.6696597e-01
   2.6483749e-01
   2.6270380e-01
   2.6056498e-01
   2.5842114e-01
   2.5627236e-01
   2.5411875e-01
   2.5196041e-01
   2.4979743e-01
   2.4762990e-01
   2.4545794e-01
   2.4328163e-01
   2.4110106e-01
   2.3891635e-01
   2.3672758e-01
   2.3453486e-01
   2.3233827e-01
   2.3013793e-01
   2.2793391e-01
   2.2572633e-01
   2.2351528e-01
   2.2130085e-01
   2.1908314e-01
   2.1686226e-01
   2.1463828e-01
   2.1241132e-01
   2.1018147e-01
   2.0794882e-01
   2.0571347e-01
   2.0347552e-01
   2.0123506e-01
   1.9899219e-01
   1.9674701e-01
   1.9449960e-01
   1.9225007e-01
   1.8999850e-01
   1.8774501e-01
   1.8548967e-01
   1.8323259e-01
   1.8097386e-01
   1.7871357e-01
   1.7645182e-01
   1.7418870e-01
   1.7192430e-01
   1.6965873e-01
   1.6739207e-01
   1.6512441e-01
   1.6285585e-01
   1.6058648e-01
   1.5831640e-01
   1.5604569e-01
   1.5377445e-01
   1.5150277e-01
   1.4923074e-01
   1.4695845e-01
   1.4468600e-01
   1.4241347e-01
   1.4014095e-01
   1.3786854e-01
   1.3559632e-01
   1.3332439e-01
   1.3105283e-01
   1.2878173e-01
   1.2651118e-01
   1.2424127e-01
   1.2197208e-01
   1.1970371e-01
   1.1743625e-01
   1.1516977e-01
   1.1290437e-01
   1.1064013e-01
   1.0837714e-01
   1.0611548e-01
   1.0385525e-01
   1.0159652e-01
   9.9339374e-02
   9.7083906e-02
   9.4830195e-02
   9.2578326e-02
   9.0328382e-02
   8.8080445e-02
   8.5834598e-02
   8.3590924e-02
   8.1349503e-02
   7.9110418e-02
   7.6873749e-02
   7.4639577e-02
   7.2407981e-02
   7.0179043e-02
   6.7952841e-02
   6.5729453e-02
   6.3508960e-02
   6.1291438e-02
   5.9076965e-02
   5.6865620e-02
   5.4657477e-02
   5.2452615e-02
   5.0251109e-02
   4.8053034e-02
   4.5858466e-02
   4.3667479e-02
   4.1480148e-02
   3.9296546e-02
   3.7116746e-02
   3.4940823e-02
   3.2768847e-02
   3.0600891e-02
   2.8437027e-02
   2.6277325e-02
   2.4121857e-02
   2.1970691e-02
   1.9823899e-02
   1.7681549e-02
   1.5543709e-02
   1.3410448e-02
   1.1281835e-02
   9.1579348e-03
   7.0388158e-03
   4.9245438e-03
   2.8151848e-03
   7.1080393e-04
  -1.3885339e-03
  -3.4827643e-03
  -5.5718235e-03
  -7.6556482e-03
  -9.7341754e-03
  -1.1807343e-02
  -1.3875089e-02
  -1.5937352e-02
  -1.7994071e-02
  -2.0045186e-02
  -2.2090638e-02
  -2.4130366e-02
  -2.6164312e-02
  -2.8192418e-02
  -3.0214626e-02
  -3.2230878e-02
  -3.4241118e-02
  -3.6245291e-02
  -3.8243339e-02
  -4.0235208e-02
  -4.2220843e-02
  -4.4200190e-02
  -4.6173196e-02
  -4.8139807e-02
  -5.0099971e-02
  -5.2053635e-02
  -5.4000749e-02
  -5.5941260e-02
  -5.7875120e-02
  -5.9802277e-02
  -6.1722682e-02
  -6.3636287e-02
  -6.5543043e-02
  -6.7442903e-02
  -6.9335818e-02
  -7.1221742e-02
  -7.3100630e-02
  -7.4972434e-02
  -7.6837111e-02
  -7.8694615e-02
  -8.0544902e-02
  -8.2387930e-02
  -8.4223653e-02
  -8.6052031e-02
  -8.7873021e-02
  -8.9686582e-02
  -9.1492672e-02
  -9.3291252e-02
  -9.5082282e-02
  -9.6865721e-02
  -9.8641532e-02
  -1.0040968e-01
  -1.0217012e-01
  -1.0392281e-01
  -1.0566773e-01
  -1.0740484e-01
  -1.0913409e-01
  -1.1085546e-01
  -1.1256891e-01
  -1.1427440e-01
  -1.1597191e-01
  -1.1766139e-01
  -1.1934283e-01
  -1.2101617e-01
  -1.2268141e-01
  -1.2433849e-01
  -1.2598740e-01
  -1.2762810e-01
  -1.2926056e-01
  -1.3088475e-01
  -1.3250066e-01
  -1.3410824e-01
  -1.3570747e-01
  -1.3729832e-01
  -1.3888078e-01
  -1.4045480e-01
  -1.4202038e-01
  -1.4357747e-01
  -1.4512606e-01
  -1.4666613e-01
  -1.4819765e-01
  -1.4972059e-01
  -1.5123495e-01
  -1.5274069e-01
  -1.5423779e-01
  -1.5572623e-01
  -1.5720600e-01
  -1.5867707e-01
  -1.6013942e-01
  -1.6159304e-01
  -1.6303790e-01
  -1.6447400e-01
  -1.6590130e-01
  -1.6731981e-01
  -1.6872949e-01
  -1.7013033e-01
  -1.7152232e-01
  -1.7290545e-01
  -1.7427969e-01
  -1.7564504e-01
  -1.7700148e-01
  -1.7834900e-01
  -1.7968758e-01
  -1.8101722e-01
  -1.8233790e-01
  -1.8364962e-01
  -1.8495235e-01
  -1.8624610e-01
  -1.8753085e-01
  -1.8880659e-01
  -1.9007331e-01
  -1.9133101e-01
  -1.9257968e-01
  -1.9381930e-01
  -1.9504988e-01
  -1.9627141e-01
  -1.9748388e-01
  -1.9868728e-01
  -1.9988161e-01
  -2.0106687e-01
  -2.0224305e-01
  -2.0341014e-01
  -2.0456815e-01
  -2.0571708e-01
  -2.0685690e-01
  -2.0798764e-01
  -2.0910928e-01
  -2.1022182e-01
  -2.1132527e-01
  -2.1241961e-01
  -2.1350486e-01
  -2.1458101e-01
  -2.1564806e-01
  -2.1670602e-01
  -2.1775488e-01
  -2.1879465e-01
  -2.1982533e-01
  -2.2084692e-01
  -2.2185943e-01
  -2.2286285e-01
  -2.2385720e-01
  -2.2484248e-01
  -2.2581869e-01
  -2.2678584e-01
  -2.2774393e-01
  -2.2869297e-01
  -2.2963296e-01
  -2.3056391e-01
  -2.3148583e-01
  -2.3239873e-01
  -2.3330261e-01
  -2.3419749e-01
  -2.3508336e-01
  -2.3596024e-01
  -2.3682813e-01
  -2.3768706e-01
  -2.3853702e-01
  -2.3937803e-01
  -2.4021009e-01
  -2.4103322e-01
  -2.4184744e-01
  -2.4265274e-01
  -2.4344914e-01
  -2.4423666e-01
  -2.4501531e-01
  -2.4578509e-01
  -2.4654603e-01
  -2.4729814e-01
  -2.4804142e-01
  -2.4877590e-01
  -2.4950159e-01
  -2.5021850e-01
  -2.5092665e-01
  -2.5162605e-01
  -2.5231672e-01
  -2.5299867e-01
  -2.5367193e-01
  -2.5433650e-01
  -2.5499241e-01
  -2.5563966e-01
  -2.5627829e-01
  -2.5690830e-01
  -2.5752972e-01
  -2.5814255e-01
  -2.5874683e-01
  -2.5934257e-01
  -2.5992978e-01
  -2.6050849e-01
  -2.6107872e-01
  -2.6164048e-01
  -2.6219380e-01
  -2.6273869e-01
  -2.6327518e-01
  -2.6380329e-01
  -2.6432304e-01
  -2.6483444e-01
  -2.6533753e-01
  -2.6583232e-01
  -2.6631883e-01
  -2.6679710e-01
  -2.6726713e-01
  -2.6772895e-01
  -2.6818258e-01
  -2.6862806e-01
  -2.6906539e-01
  -2.6949461e-01
  -2.6991573e-01
  -2.7032879e-01
  -2.7073381e-01
  -2.7113080e-01
  -2.7151980e-01
  -2.7190082e-01
  -2.7227391e-01
  -2.7263907e-01
  -2.7299633e-01
  -2.7334573e-01
  -2.7368728e-01
  -2.7402101e-01
  -2.7434695e-01
  -2.7466512e-01
  -2.7497556e-01
  -2.7527828e-01
  -2.7557331e-01
  -2.7586069e-01
  -2.7614043e-01
  -2.7641256e-01
  -2.7667712e-01
  -2.7693413e-01
  -2.7718361e-01
  -2.7742560e-01
  -2.7766012e-01
  -2.7788721e-01
  -2.7810688e-01
  -2.7831917e-01
  -2.7852410e-01
  -2.7872172e-01
  -2.7891203e-01
  -2.7909508e-01
  -2.7927089e-01
  -2.7943949e-01
  -2.7960091e-01
  -2.7975519e-01
  -2.7990234e-01
  -2.8004240e-01
  -2.8017540e-01
  -2.8030137e-01
  -2.8042034e-01
  -2.8053234e-01
  -2.8063740e-01
  -2.8073555e-01
  -2.8082682e-01
  -2.8091124e-01
  -2.8098884e-01
  -2.8105966e-01
  -2.8112372e-01
  -2.8118105e-01
  -2.8123169e-01
  -2.8127567e-01
  -2.8131302e-01
  -2.8134376e-01
  -2.8136794e-01
  -2.8138558e-01
  -2.8139671e-01
  -2.8140137e-01
  -2.8139958e-01
  -2.8139139e-01
  -2.8137681e-01
  -2.8135589e-01
  -2.8132866e-01
  -2.8129514e-01
  -2.8125537e-01
  -2.8120938e-01
  -2.8115720e-01
  -2.8109888e-01
  -2.8103442e-01
  -2.8096388e-01
  -2.8088729e-01
  -2.8080466e-01
  -2.8071605e-01
  -2.8062147e-01
  -2.8052097e-01
  -2.8041458e-01
  -2.8030232e-01
  -2.8018424e-01
  -2.8006035e-01
  -2.7993071e-01
  -2.7979533e-01
  -2.7965426e-01
  -2.7950752e-01
  -2.7935515e-01
  -2.7919718e-01
  -2.7903364e-01
  -2.7886457e-01
  -2.7869000e-01
  -2.7850997e-01
  -2.7832449e-01
  -2.7813362e-01
  -2.7793738e-01
  -2.7773580e-01
  -2.7752892e-01
  -2.7731677e-01
  -2.7709939e-01
  -2.7687680e-01
  -2.7664904e-01
  -2.7641615e-01
  -2.7617815e-01
  -2.7593507e-01
  -2.7568696e-01
  -2.7543385e-01
  -2.7517576e-01
  -2.7491273e-01
  -2.7464480e-01
  -2.7437199e-01
  -2.7409435e-01
  -2.7381189e-01
  -2.7352466e-01
  -2.7323269e-01
  -2.7293601e-01
  -2.7263465e-01
  -2.7232865e-01
  -2.7201804e-01
  -2.7170285e-01
  -2.7138312e-01
  -2.7105887e-01
  -2.7073015e-01
  -2.7039697e-01
  -2.7005939e-01
  -2.6971742e-01
  -2.6937110e-01
  -2.6902046e-01
  -2.6866554e-01
  -2.6830636e-01
  -2.6794297e-01
  -2.6757539e-01
  -2.6720365e-01
  -2.6682779e-01
  -2.6644784e-01
  -2.6606383e-01
  -2.6567580e-01
  -2.6528376e-01
  -2.6488777e-01
  -2.6448785e-01
  -2.6408402e-01
  -2.6367633e-01
  -2.6326480e-01
  -2.6284947e-01
  -2.6243037e-01
  -2.6200753e-01
  -2.6158098e-01
  -2.6115075e-01
  -2.6071687e-01
  -2.6027938e-01
  -2.5983830e-01
  -2.5939368e-01
  -2.5894553e-01
  -2.5849389e-01
  -2.5803879e-01
  -2.5758026e-01
  -2.5711834e-01
  -2.5665305e-01
  -2.5618442e-01
  -2.5571249e-01
  -2.5523728e-01
  -2.5475883e-01
  -2.5427717e-01
  -2.5379232e-01
  -2.5330431e-01
  -2.5281319e-01
  -2.5231897e-01
  -2.5182169e-01
  -2.5132137e-01
  -2.5081805e-01
  -2.5031176e-01
  -2.4980252e-01
  -2.4929037e-01
  -2.4877534e-01
  -2.4825745e-01
  -2.4773673e-01
  -2.4721322e-01
  -2.4668694e-01
  -2.4615792e-01
  -2.4562619e-01
  -2.4509178e-01
  -2.4455472e-01
  -2.4401503e-01
  -2.4347276e-01
  -2.4292791e-01
  -2.4238053e-01
  -2.4183064e-01
  -2.4127827e-01
  -2.4072344e-01
  -2.4016619e-01
  -2.3960655e-01
  -2.3904453e-01
  -2.3848018e-01
  -2.3791351e-01
  -2.3734455e-01
  -2.3677334e-01
  -2.3619990e-01
  -2.3562425e-01
  -2.3504643e-01
  -2.3446646e-01
  -2.3388436e-01
  -2.3330017e-01
  -2.3271391e-01
  -2.3212561e-01
  -2.3153530e-01
  -2.3094299e-01
  -2.3034873e-01
  -2.2975252e-01
  -2.2915441e-01
  -2.2855441e-01
  -2.2795256e-01
  -2.2734887e-01
  -2.2674338e-01
  -2.2613610e-01
  -2.2552708e-01
  -2.2491632e-01
  -2.2430385e-01
  -2.2368971e-01
  -2.2307391e-01
  -2.2245649e-01
  -2.2183746e-01
  -2.2121685e-01
  -2.2059468e-01
  -2.1997099e-01
  -2.1934579e-01
  -2.1871911e-01
  -2.1809097e-01
  -2.1746140e-01
  -2.1683042e-01
  -2.1619805e-01
  -2.1556432e-01
  -2.1492926e-01
  -2.1429288e-01
  -2.1365521e-01
  -2.1301628e-01
  -2.1237610e-01
  -2.1173470e-01
  -2.1109210e-01
  -2.1044832e-01
  -2.0980340e-01
  -2.0915734e-01
  -2.0851018e-01
  -2.0786194e-01
  -2.0721263e-01
  -2.0656228e-01
  -2.0591092e-01
  -2.0525856e-01
  -2.0460522e-01
  -2.0395094e-01
  -2.0329572e-01
  -2.0263960e-01
  -2.0198258e-01
  -2.0132471e-01
  -2.0066598e-01
  -2.0000644e-01
  -1.9934609e-01
  -1.9868496e-01
  -1.9802307e-01
  -1.9736044e-01
  -1.9669709e-01
  -1.9603304e-01
  -1.9536831e-01
  -1.9470292e-01
  -1.9403690e-01
  -1.9337025e-01
  -1.9270301e-01
  -1.9203519e-01
  -1.9136681e-01
  -1.9069788e-01
  -1.9002844e-01
  -1.8935850e-01
  -1.8868808e-01
  -1.8801719e-01
  -1.8734586e-01
  -1.8667410e-01
  -1.8600194e-01
  -1.8532939e-01
  -1.8465647e-01
  -1.8398320e-01
  -1.8330960e-01
  -1.8263569e-01
  -1.8196148e-01
  -1.8128699e-01
  -1.8061224e-01
  -1.7993725e-01
  -1.7926203e-01
  -1.7858660e-01
  -1.7791099e-01
  -1.7723520e-01
  -1.7655926e-01
  -1.7588318e-01
  -1.7520698e-01
  -1.7453067e-01
  -1.7385427e-01
  -1.7317781e-01
  -1.7250129e-01
  -1.7182473e-01
  -1.7114815e-01
  -1.7047156e-01
  -1.6979499e-01
  -1.6911844e-01
  -1.6844193e-01
  -1.6776548e-01
  -1.6708910e-01
  -1.6641282e-01
  -1.6573664e-01
  -1.6506057e-01
  -1.6438465e-01
  -1.6370887e-01
  -1.6303326e-01
  -1.6235783e-01
  -1.6168259e-01
  -1.6100757e-01
  -1.6033276e-01
  -1.5965820e-01
  -1.5898389e-01
  -1.5830985e-01
  -1.5763609e-01
  -1.5696262e-01
  -1.5628947e-01
  -1.5561664e-01
  -1.5494414e-01
  -1.5427200e-01
  -1.5360022e-01
  -1.5292882e-01
  -1.5225781e-01
  -1.5158720e-01
  -1.5091701e-01
  -1.5024726e-01
  -1.4957794e-01
  -1.4890909e-01
  -1.4824070e-01
  -1.4757279e-01
  -1.4690538e-01
  -1.4623848e-01
  -1.4557209e-01
  -1.4490624e-01
  -1.4424092e-01
  -1.4357617e-01
  -1.4291198e-01
  -1.4224837e-01
  -1.4158535e-01
  -1.4092294e-01
  -1.4026114e-01
  -1.3959996e-01
  -1.3893942e-01
  -1.3827953e-01
  -1.3762030e-01
  -1.3696174e-01
  -1.3630386e-01
  -1.3564668e-01
  -1.3499019e-01
  -1.3433443e-01
  -1.3367938e-01
  -1.3302507e-01
  -1.3237151e-01
  -1.3171870e-01
  -1.3106665e-01
  -1.3041539e-01
  -1.2976490e-01
  -1.2911522e-01
  -1.2846634e-01
  -1.2781828e-01
  -1.2717104e-01
  -1.2652463e-01
  -1.2587907e-01
  -1.2523437e-01
  -1.2459053e-01
  -1.2394756e-01
  -1.2330547e-01
  -1.2266427e-01
  -1.2202397e-01
  -1.2138458e-01
  -1.2074610e-01
  -1.2010856e-01
  -1.1947194e-01
  -1.1883627e-01
  -1.1820155e-01
  -1.1756779e-01
  -1.1693500e-01
  -1.1630318e-01
  -1.1567235e-01
  -1.1504251e-01
  -1.1441368e-01
  -1.1378585e-01
  -1.1315903e-01
  -1.1253324e-01
  -1.1190848e-01
  -1.1128476e-01
  -1.1066208e-01
  -1.1004046e-01
  -1.0941990e-01
  -1.0880041e-01
  -1.0818199e-01
  -1.0756466e-01
  -1.0694841e-01
  -1.0633326e-01
  -1.0571921e-01
  -1.0510627e-01
  -1.0449445e-01
  -1.0388375e-01
  -1.0327419e-01
  -1.0266575e-01
  -1.0205846e-01
  -1.0145232e-01
  -1.0084733e-01
  -1.0024350e-01
  -9.9640839e-02
  -9.9039351e-02
  -9.8439041e-02
  -9.7839916e-02
  -9.7241980e-02
  -9.6645241e-02
  -9.6049703e-02
  -9.5455373e-02
  -9.4862254e-02
  -9.4270354e-02
  -9.3679677e-02
  -9.3090228e-02
  -9.2502013e-02
  -9.1915037e-02
  -9.1329305e-02
  -9.0744821e-02
  -9.0161592e-02
  -8.9579620e-02
  -8.8998913e-02
  -8.8419473e-02
  -8.7841306e-02
  -8.7264416e-02
  -8.6688808e-02
  -8.6114486e-02
  -8.5541454e-02
  -8.4969718e-02
  -8.4399281e-02
  -8.3830147e-02
  -8.3262320e-02
  -8.2695805e-02
  -8.2130606e-02
  -8.1566726e-02
  -8.1004169e-02
  -8.0442939e-02
  -7.9883040e-02
  -7.9324476e-02
  -7.8767249e-02
  -7.8211365e-02
  -7.7656825e-02
  -7.7103635e-02
  -7.6551796e-02
  -7.6001312e-02
  -7.5452187e-02
  -7.4904424e-02
  -7.4358026e-02
  -7.3812995e-02
  -7.3269336e-02
  -7.2727051e-02
  -7.2186142e-02
  -7.1646614e-02
  -7.1108468e-02
  -7.0571707e-02
  -7.0036334e-02
  -6.9502352e-02
  -6.8969763e-02
  -6.8438570e-02
  -6.7908775e-02
  -6.7380380e-02
  -6.6853389e-02
  -6.6327803e-02
  -6.5803624e-02
  -6.5280856e-02
  -6.4759499e-02
  -6.4239556e-02
  -6.3721029e-02
  -6.3203920e-02
  -6.2688231e-02
  -6.2173965e-02
  -6.1661121e-02
  -6.1149704e-02
  -6.0639714e-02
  -6.0131153e-02
  -5.9624022e-02
  -5.9118324e-02
  -5.8614059e-02
  -5.8111230e-02
  -5.7609838e-02
  -5.7109884e-02
  -5.6611369e-02
  -5.6114296e-02
  -5.5618664e-02
  -5.5124476e-02
  -5.4631733e-02
  -5.4140435e-02
  -5.3650584e-02
  -5.3162181e-02
  -5.2675227e-02
  -5.2189723e-02
  -5.1705669e-02
  -5.1223067e-02
  -5.0741918e-02
  -5.0262222e-02
  -4.9783980e-02
  -4.9307192e-02
  -4.8831860e-02
  -4.8357984e-02
  -4.7885565e-02
  -4.7414603e-02
  -4.6945098e-02
  -4.6477052e-02
  -4.6010464e-02
  -4.5545335e-02
  -4.5081665e-02
  -4.4619455e-02
  -4.4158704e-02
  -4.3699414e-02
  -4.3241584e-02
  -4.2785214e-02
  -4.2330305e-02
  -4.1876857e-02
  -4.1424869e-02
  -4.0974341e-02
  -4.0525275e-02
  -4.0077669e-02
  -3.9631523e-02
  -3.9186838e-02
  -3.8743613e-02
  -3.8301848e-02
  -3.7861542e-02
  -3.7422696e-02
  -3.6985309e-02
  -3.6549381e-02
  -3.6114911e-02
  -3.5681900e-02
  -3.5250345e-02
  -3.4820248e-02
  -3.4391608e-02
  -3.3964423e-02
  -3.3538694e-02
  -3.3114420e-02
  -3.2691600e-02
  -3.2270234e-02
  -3.1850320e-02
  -3.1431859e-02
  -3.1014849e-02
  -3.0599289e-02
  -3.0185180e-02
  -2.9772519e-02
  -2.9361307e-02
  -2.8951541e-02
  -2.8543222e-02
  -2.8136348e-02
  -2.7730919e-02
  -2.7326933e-02
  -2.6924389e-02
  -2.6523286e-02
  -2.6123624e-02
  -2.5725400e-02
  -2.5328614e-02
  -2.4933265e-02
  -2.4539351e-02
  -2.4146872e-02
  -2.3755826e-02
  -2.3366211e-02
  -2.2978026e-02
  -2.2591271e-02
  -2.2205944e-02
  -2.1822043e-02
  -2.1439566e-02
  -2.1058514e-02
  -2.0678883e-02
  -2.0300673e-02
  -1.9923882e-02
  -1.9548509e-02
  -1.9174552e-02
  -1.8802009e-02
  -1.8430879e-02
  -1.8061161e-02
  -1.7692852e-02
  -1.7325951e-02
  -1.6960457e-02
  -1.6596367e-02
  -1.6233681e-02
  -1.5872395e-02
  -1.5512509e-02
  -1.5154021e-02
  -1.4796929e-02
  -1.4441231e-02
  -1.4086925e-02
  -1.3734009e-02
  -1.3382482e-02
  -1.3032342e-02
  -1.2683586e-02
  -1.2336213e-02
  -1.1990221e-02
  -1.1645608e-02
  -1.1302372e-02
  -1.0960511e-02
  -1.0620022e-02
  -1.0280905e-02
  -9.9431563e-03
  -9.6067744e-03
  -9.2717572e-03
  -8.9381025e-03
  -8.6058082e-03
  -8.2748723e-03
  -7.9452925e-03
  -7.6170666e-03
  -7.2901926e-03
  -6.9646682e-03
  -6.6404911e-03
  -6.3176592e-03
  -5.9961702e-03
  -5.6760218e-03
  -5.3572119e-03
  -5.0397380e-03
  -4.7235979e-03
  -4.4087892e-03
  -4.0953098e-03
  -3.7831571e-03
  -3.4723288e-03
  -3.1628227e-03
  -2.8546362e-03
  -2.5477670e-03
  -2.2422127e-03
  -1.9379708e-03
  -1.6350390e-03
  -1.3334148e-03
  -1.0330957e-03
  -7.3407919e-04
  -4.3636291e-04
  -1.3994429e-04
   1.5517914e-04
   4.4900993e-04
   7.4155058e-04
   1.0328036e-03
   1.3227717e-03
   1.6114572e-03
   1.8988628e-03
   2.1849911e-03
   2.4698447e-03
   2.7534261e-03
   3.0357380e-03
   3.3167830e-03
   3.5965638e-03
   3.8750828e-03
   4.1523429e-03
   4.4283467e-03
   4.7030968e-03
   4.9765959e-03
   5.2488467e-03
   5.5198519e-03
   5.7896142e-03
   6.0581364e-03
   6.3254210e-03
   6.5914709e-03
   6.8562887e-03
   7.1198773e-03
   7.3822393e-03
   7.6433776e-03
   7.9032949e-03
   8.1619939e-03
   8.4194775e-03
   8.6757484e-03
   8.9308094e-03
   9.1846634e-03
   9.4373130e-03
   9.6887612e-03
   9.9390108e-03
   1.0188064e-02
   1.0435925e-02
   1.0682596e-02
   1.0928079e-02
   1.1172378e-02
   1.1415495e-02
   1.1657433e-02
   1.1898196e-02
   1.2137785e-02
   1.2376205e-02
   1.2613457e-02
   1.2849544e-02
   1.3084470e-02
   1.3318238e-02
   1.3550850e-02
   1.3782309e-02
   1.4012618e-02
   1.4241780e-02
   1.4469798e-02
   1.4696675e-02
   1.4922414e-02
   1.5147017e-02
   1.5370488e-02
   1.5592829e-02
   1.5814044e-02
   1.6034135e-02
   1.6253106e-02
   1.6470959e-02
   1.6687697e-02
   1.6903324e-02
   1.7117841e-02
   1.7331253e-02
   1.7543562e-02
   1.7754771e-02
   1.7964883e-02
   1.8173900e-02
   1.8381827e-02
   1.8588666e-02
   1.8794419e-02
   1.8999091e-02
   1.9202683e-02
   1.9405199e-02
   1.9606642e-02
   1.9807014e-02
   2.0006319e-02
   2.0204560e-02
   2.0401740e-02
   2.0597862e-02
   2.0792928e-02
   2.0986941e-02
   2.1179906e-02
   2.1371824e-02
   2.1562699e-02
   2.1752533e-02
   2.1941330e-02
   2.2129093e-02
   2.2315824e-02
   2.2501527e-02
   2.2686205e-02
   2.2869860e-02
   2.3052495e-02
   2.3234115e-02
   2.3414721e-02
   2.3594316e-02
   2.3772904e-02
   2.3950488e-02
   2.4127070e-02
   2.4302653e-02
   2.4477242e-02
   2.4650837e-02
   2.4823444e-02
   2.4995063e-02
   2.5165700e-02
   2.5335356e-02
   2.5504034e-02
   2.5671737e-02
   2.5838470e-02
   2.6004233e-02
   2.6169031e-02
   2.6332867e-02
   2.6495742e-02
   2.6657662e-02
   2.6818627e-02
   2.6978642e-02
   2.7137709e-02
   2.7295831e-02
   2.7453012e-02
   2.7609254e-02
   2.7764560e-02
   2.7918933e-02
   2.8072376e-02
   2.8224892e-02
   2.8376484e-02
   2.8527156e-02
   2.8676909e-02
   2.8825747e-02
   2.8973673e-02
   2.9120690e-02
   2.9266800e-02
   2.9412007e-02
   2.9556314e-02
   2.9699723e-02
   2.9842238e-02
   2.9983861e-02
   3.0124596e-02
   3.0264445e-02
   3.0403411e-02
   3.0541497e-02
   3.0678707e-02
   3.0815042e-02
   3.0950506e-02
   3.1085102e-02
   3.1218833e-02
   3.1351701e-02
   3.1483710e-02
   3.1614862e-02
   3.1745161e-02
   3.1874608e-02
   3.2003208e-02
   3.2130963e-02
   3.2257876e-02
   3.2383949e-02
   3.2509186e-02
   3.2633590e-02
   3.2757162e-02
   3.2879907e-02
   3.3001827e-02
   3.3122925e-02
   3.3243204e-02
   3.3362667e-02
   3.3481316e-02
   3.3599154e-02
   3.3716184e-02
   3.3832409e-02
   3.3947832e-02
   3.4062456e-02
   3.4176283e-02
   3.4289317e-02
   3.4401559e-02
   3.4513014e-02
   3.4623683e-02
   3.4733569e-02
   3.4842676e-02
   3.4951006e-02
   3.5058562e-02
   3.5165347e-02
   3.5271362e-02
   3.5376613e-02
   3.5481100e-02
   3.5584826e-02
   3.5687796e-02
   3.5790010e-02
   3.5891473e-02
   3.5992186e-02
   3.6092153e-02
   3.6191376e-02
   3.6289858e-02
   3.6387601e-02
   3.6484609e-02
   3.6580884e-02
   3.6676429e-02
   3.6771247e-02
   3.6865340e-02
   3.6958710e-02
   3.7051362e-02
   3.7143296e-02
   3.7234517e-02
   3.7325026e-02
   3.7414827e-02
   3.7503922e-02
   3.7592313e-02
   3.7680004e-02
   3.7766997e-02
   3.7853294e-02
   3.7938899e-02
   3.8023814e-02
   3.8108041e-02
   3.8191583e-02
   3.8274444e-02
   3.8356624e-02
   3.8438128e-02
   3.8518957e-02
   3.8599115e-02
   3.8678603e-02
   3.8757425e-02
   3.8835583e-02
   3.8913080e-02
   3.8989917e-02
   3.9066099e-02
   3.9141627e-02
   3.9216503e-02
   3.9290731e-02
   3.9364313e-02
   3.9437252e-02
   3.9509549e-02
   3.9581208e-02
   3.9652232e-02
   3.9722621e-02
   3.9792380e-02
   3.9861511e-02
   3.9930016e-02
   3.9997897e-02
   4.0065158e-02
   4.0131800e-02
   4.0197826e-02
   4.0263239e-02
   4.0328041e-02
   4.0392234e-02
   4.0455821e-02
   4.0518805e-02
   4.0581188e-02
   4.0642971e-02
   4.0704159e-02
   4.0764753e-02
   4.0824755e-02
   4.0884169e-02
   4.0942995e-02
   4.1001238e-02
   4.1058899e-02
   4.1115980e-02
   4.1172484e-02
   4.1228414e-02
   4.1283772e-02
   4.1338560e-02
   4.1392780e-02
   4.1446435e-02
   4.1499527e-02
   4.1552059e-02
   4.1604033e-02
   4.1655450e-02
   4.1706315e-02
   4.1756628e-02
   4.1806393e-02
   4.1855611e-02
   4.1904285e-02
   4.1952417e-02
   4.2000010e-02
   4.2047065e-02
   4.2093585e-02
   4.2139573e-02
   4.2185030e-02
   4.2229958e-02
   4.2274361e-02
   4.2318240e-02
   4.2361598e-02
   4.2404437e-02
   4.2446758e-02
   4.2488565e-02
   4.2529860e-02
   4.2570644e-02
   4.2610920e-02
   4.2650690e-02
   4.2689956e-02
   4.2728721e-02
   4.2766987e-02
   4.2804755e-02
   4.2842029e-02
   4.2878810e-02
   4.2915100e-02
   4.2950902e-02
   4.2986217e-02
   4.3021049e-02
   4.3055398e-02
   4.3089268e-02
   4.3122659e-02
   4.3155575e-02
   4.3188018e-02
   4.3219989e-02
   4.3251491e-02
   4.3282526e-02
   4.3313095e-02
   4.3343202e-02
   4.3372848e-02
   4.3402034e-02
   4.3430764e-02
   4.3459040e-02
   4.3486862e-02
   4.3514234e-02
   4.3541157e-02
   4.3567634e-02
   4.3593667e-02
   4.3619256e-02
   4.3644406e-02
   4.3669117e-02
   4.3693391e-02
   4.3717231e-02
   4.3740639e-02
   4.3763616e-02
   4.3786164e-02
   4.3808287e-02
   4.3829984e-02
   4.3851259e-02
   4.3872114e-02
   4.3892550e-02
   4.3912569e-02
   4.3932173e-02
   4.3951365e-02
   4.3970146e-02
   4.3988517e-02
   4.4006482e-02
   4.4024042e-02
   4.4041198e-02
   4.4057954e-02
   4.4074309e-02
   4.4090268e-02
   4.4105830e-02
   4.4120999e-02
   4.4135776e-02
   4.4150163e-02
   4.4164162e-02
   4.4177774e-02
   4.4191003e-02
   4.4203848e-02
   4.4216313e-02
   4.4228399e-02
   4.4240107e-02
   4.4251441e-02
   4.4262401e-02
   4.4272989e-02
   4.4283207e-02
   4.4293058e-02
   4.4302542e-02
   4.4311662e-02
   4.4320419e-02
   4.4328815e-02
   4.4336851e-02
   4.4344531e-02
   4.4351855e-02
   4.4358825e-02
   4.4365443e-02
   4.4371710e-02
   4.4377629e-02
   4.4383201e-02
   4.4388427e-02
   4.4393311e-02
   4.4397852e-02
   4.4402053e-02
   4.4405916e-02
   4.4409442e-02
   4.4412634e-02
   4.4415492e-02
   4.4418018e-02
   4.4420214e-02
   4.4422083e-02
   4.4423624e-02
   4.4424841e-02
   4.4425734e-02
   4.4426305e-02
   4.4426557e-02
   4.4426490e-02
   4.4426106e-02
   4.4425408e-02
   4.4424395e-02
   4.4423071e-02
   4.4421437e-02
   4.4419493e-02
   4.4417243e-02
   4.4414687e-02
   4.4411827e-02
   4.4408665e-02
   4.4405202e-02
   4.4401440e-02
   4.4397380e-02
   4.4393024e-02
   4.4388374e-02
   4.4383430e-02
   4.4378196e-02
   4.4372671e-02
   4.4366858e-02
   4.4360757e-02
   4.4354372e-02
   4.4347703e-02
   4.4340751e-02
   4.4333519e-02
   4.4326007e-02
   4.4318218e-02
   4.4310152e-02
   4.4301811e-02
   4.4293197e-02
   4.4284311e-02
   4.4275155e-02
   4.4265729e-02
   4.4256037e-02
   4.4246078e-02
   4.4235854e-02
   4.4225367e-02
   4.4214619e-02
   4.4203610e-02
   4.4192343e-02
   4.4180817e-02
   4.4169036e-02
   4.4157001e-02
   4.4144712e-02
   4.4132171e-02
   4.4119379e-02
   4.4106339e-02
   4.4093051e-02
   4.4079517e-02
   4.4065738e-02
   4.4051715e-02
   4.4037450e-02
   4.4022945e-02
   4.4008200e-02
   4.3993216e-02
   4.3977996e-02
   4.3962541e-02
   4.3946852e-02
   4.3930929e-02
   4.3914776e-02
   4.3898392e-02
   4.3881780e-02
   4.3864940e-02
   4.3847873e-02
   4.3830582e-02
   4.3813068e-02
   4.3795331e-02
   4.3777373e-02
   4.3759195e-02
   4.3740799e-02
   4.3722186e-02
   4.3703357e-02
   4.3684313e-02
   4.3665056e-02
   4.3645587e-02
   4.3625907e-02
   4.3606017e-02
   4.3585919e-02
   4.3565614e-02
   4.3545102e-02
   4.3524387e-02
   4.3503467e-02
   4.3482345e-02
   4.3461023e-02
   4.3439500e-02
   4.3417779e-02
   4.3395860e-02
   4.3373745e-02
   4.3351435e-02
   4.3328931e-02
   4.3306234e-02
   4.3283346e-02
   4.3260267e-02
   4.3237000e-02
   4.3213544e-02
   4.3189901e-02
   4.3166073e-02
   4.3142060e-02
   4.3117863e-02
   4.3093484e-02
   4.3068924e-02
   4.3044184e-02
   4.3019265e-02
   4.2994168e-02
   4.2968895e-02
   4.2943446e-02
   4.2917822e-02
   4.2892025e-02
   4.2866056e-02
   4.2839916e-02
   4.2813606e-02
   4.2787126e-02
   4.2760479e-02
   4.2733665e-02
   4.2706685e-02
   4.2679540e-02
   4.2652232e-02
   4.2624761e-02
   4.2597129e-02
   4.2569336e-02
   4.2541384e-02
   4.2513273e-02
   4.2485005e-02
   4.2456581e-02
   4.2428001e-02
   4.2399267e-02
   4.2370380e-02
   4.2341341e-02
   4.2312150e-02
   4.2282810e-02
   4.2253320e-02
   4.2223682e-02
   4.2193897e-02
   4.2163966e-02
   4.2133889e-02
   4.2103668e-02
   4.2073304e-02
   4.2042798e-02
   4.2012150e-02
   4.1981362e-02
   4.1950435e-02
   4.1919370e-02
   4.1888167e-02
   4.1856827e-02
   4.1825352e-02
   4.1793742e-02
   4.1761999e-02
   4.1730123e-02
   4.1698116e-02
   4.1665977e-02
   4.1633709e-02
   4.1601311e-02
   4.1568786e-02
   4.1536133e-02
   4.1503354e-02
   4.1470450e-02
   4.1437421e-02
   4.1404269e-02
   4.1370994e-02
   4.1337597e-02
   4.1304080e-02
   4.1270442e-02
   4.1236686e-02
   4.1202811e-02
   4.1168819e-02
   4.1134710e-02
   4.1100486e-02
   4.1066147e-02
   4.1031694e-02
   4.0997128e-02
   4.0962450e-02
   4.0927661e-02
   4.0892761e-02
   4.0857752e-02
   4.0822633e-02
   4.0787407e-02
   4.0752074e-02
   4.0716634e-02
   4.0681089e-02
   4.0645439e-02
   4.0609685e-02
   4.0573828e-02
   4.0537869e-02
   4.0501808e-02
   4.0465647e-02
   4.0429386e-02
   4.0393026e-02
   4.0356568e-02
   4.0320012e-02
   4.0283359e-02
   4.0246611e-02
   4.0209767e-02
   4.0172829e-02
   4.0135798e-02
   4.0098674e-02
   4.0061457e-02
   4.0024150e-02
   3.9986752e-02
   3.9949264e-02
   3.9911687e-02
   3.9874022e-02
   3.9836269e-02
   3.9798429e-02
   3.9760504e-02
   3.9722493e-02
   3.9684397e-02
   3.9646218e-02
   3.9607956e-02
   3.9569611e-02
   3.9531184e-02
   3.9492677e-02
   3.9454089e-02
   3.9415421e-02
   3.9376675e-02
   3.9337851e-02
   3.9298949e-02
   3.9259970e-02
   3.9220915e-02
   3.9181785e-02
   3.9142581e-02
   3.9103302e-02
   3.9063950e-02
   3.9024525e-02
   3.8985028e-02
   3.8945460e-02
   3.8905822e-02
   3.8866113e-02
   3.8826335e-02
   3.8786489e-02
   3.8746574e-02
   3.8706592e-02
   3.8666544e-02
   3.8626429e-02
   3.8586249e-02
   3.8546004e-02
   3.8505695e-02
   3.8465323e-02
   3.8424888e-02
   3.8384390e-02
   3.8343831e-02
   3.8303211e-02
   3.8262531e-02
   3.8221791e-02
   3.8180992e-02
   3.8140134e-02
   3.8099219e-02
   3.8058246e-02
   3.8017217e-02
   3.7976131e-02
   3.7934990e-02
   3.7893794e-02
   3.7852544e-02
   3.7811240e-02
   3.7769883e-02
   3.7728473e-02
   3.7687012e-02
   3.7645499e-02
   3.7603935e-02
   3.7562322e-02
   3.7520658e-02
   3.7478946e-02
   3.7437184e-02
   3.7395375e-02
   3.7353519e-02
   3.7311616e-02
   3.7269666e-02
   3.7227671e-02
   3.7185631e-02
   3.7143546e-02
   3.7101416e-02
   3.7059244e-02
   3.7017028e-02
   3.6974770e-02
   3.6932470e-02
   3.6890128e-02
   3.6847746e-02
   3.6805324e-02
   3.6762861e-02
   3.6720359e-02
   3.6677819e-02
   3.6635240e-02
   3.6592623e-02
   3.6549970e-02
   3.6507279e-02
   3.6464552e-02
   3.6421790e-02
   3.6378992e-02
   3.6336160e-02
   3.6293293e-02
   3.6250393e-02
   3.6207460e-02
   3.6164493e-02
   3.6121495e-02
   3.6078465e-02
   3.6035403e-02
   3.5992311e-02
   3.5949188e-02
   3.5906035e-02
   3.5862853e-02
   3.5819643e-02
   3.5776403e-02
   3.5733136e-02
   3.5689841e-02
   3.5646520e-02
   3.5603171e-02
   3.5559797e-02
   3.5516396e-02
   3.5472971e-02
   3.5429521e-02
   3.5386046e-02
   3.5342548e-02
   3.5299026e-02
   3.5255481e-02
   3.5211914e-02
   3.5168324e-02
   3.5124713e-02
   3.5081080e-02
   3.5037427e-02
   3.4993753e-02
   3.4950059e-02
   3.4906346e-02
   3.4862614e-02
   3.4818863e-02
   3.4775093e-02
   3.4731306e-02
   3.4687501e-02
   3.4643680e-02
   3.4599841e-02
   3.4555987e-02
   3.4512116e-02
   3.4468230e-02
   3.4424329e-02
   3.4380414e-02
   3.4336484e-02
   3.4292540e-02
   3.4248583e-02
   3.4204613e-02
   3.4160630e-02
   3.4116635e-02
   3.4072628e-02
   3.4028610e-02
   3.3984580e-02
   3.3940540e-02
   3.3896489e-02
   3.3852428e-02
   3.3808357e-02
   3.3764278e-02
   3.3720189e-02
   3.3676092e-02
   3.3631987e-02
   3.3587874e-02
   3.3543753e-02
   3.3499625e-02
   3.3455491e-02
   3.3411350e-02
   3.3367204e-02
   3.3323051e-02
   3.3278893e-02
   3.3234731e-02
   3.3190563e-02
   3.3146392e-02
   3.3102216e-02
   3.3058037e-02
   3.3013855e-02
   3.2969669e-02
   3.2925481e-02
   3.2881291e-02
   3.2837099e-02
   3.2792905e-02
   3.2748710e-02
   3.2704514e-02
   3.2660318e-02
   3.2616121e-02
   3.2571924e-02
   3.2527727e-02
   3.2483532e-02
   3.2439337e-02
   3.2395143e-02
   3.2350951e-02
   3.2306761e-02
   3.2262573e-02
   3.2218388e-02
   3.2174205e-02
   3.2130026e-02
   3.2085850e-02
   3.2041678e-02
   3.1997510e-02
   3.1953346e-02
   3.1909187e-02
   3.1865032e-02
   3.1820883e-02
   3.1776740e-02
   3.1732602e-02
   3.1688470e-02
   3.1644345e-02
   3.1600226e-02
   3.1556114e-02
   3.1512010e-02
   3.1467912e-02
   3.1423823e-02
   3.1379742e-02
   3.1335669e-02
   3.1291604e-02
   3.1247549e-02
   3.1203502e-02
   3.1159465e-02
   3.1115438e-02
   3.1071420e-02
   3.1027413e-02
   3.0983416e-02
   3.0939430e-02
   3.0895455e-02
   3.0851491e-02
   3.0807538e-02
   3.0763597e-02
   3.0719669e-02
   3.0675752e-02
   3.0631848e-02
   3.0587957e-02
   3.0544078e-02
   3.0500213e-02
   3.0456362e-02
   3.0412524e-02
   3.0368700e-02
   3.0324890e-02
   3.0281095e-02
   3.0237314e-02
   3.0193548e-02
   3.0149798e-02
   3.0106062e-02
   3.0062343e-02
   3.0018639e-02
   2.9974951e-02
   2.9931280e-02
   2.9887625e-02
   2.9843987e-02
   2.9800365e-02
   2.9756761e-02
   2.9713175e-02
   2.9669606e-02
   2.9626055e-02
   2.9582521e-02
   2.9539007e-02
   2.9495510e-02
   2.9452033e-02
   2.9408574e-02
   2.9365134e-02
   2.9321714e-02
   2.9278313e-02
   2.9234932e-02
   2.9191571e-02
   2.9148230e-02
   2.9104910e-02
   2.9061610e-02
   2.9018331e-02
   2.8975072e-02
   2.8931835e-02
   2.8888619e-02
   2.8845425e-02
   2.8802253e-02
   2.8759102e-02
   2.8715974e-02
   2.8672868e-02
   2.8629784e-02
   2.8586723e-02
   2.8543685e-02
   2.8500670e-02
   2.8457678e-02
   2.8414710e-02
   2.8371765e-02
   2.8328844e-02
   2.8285947e-02
   2.8243074e-02
   2.8200225e-02
   2.8157401e-02
   2.8114602e-02
   2.8071827e-02
   2.8029078e-02
   2.7986353e-02
   2.7943654e-02
   2.7900981e-02
   2.7858333e-02
   2.7815711e-02
   2.7773115e-02
   2.7730546e-02
   2.7688002e-02
   2.7645485e-02
   2.7602995e-02
