  -8.0099735e+00
  -8.0098893e+00
  -8.0097490e+00
  -8.0095525e+00
  -8.0092999e+00
  -8.0089912e+00
  -8.0086264e+00
  -8.0082054e+00
  -8.0077284e+00
  -8.0071952e+00
  -8.0066059e+00
  -8.0059606e+00
  -8.0052592e+00
  -8.0045017e+00
  -8.0036882e+00
  -8.0028186e+00
  -8.0018930e+00
  -8.0009114e+00
  -7.9998737e+00
  -7.9987801e+00
  -7.9976305e+00
  -7.9964250e+00
  -7.9951635e+00
  -7.9938461e+00
  -7.9924728e+00
  -7.9910437e+00
  -7.9895586e+00
  -7.9880178e+00
  -7.9864211e+00
  -7.9847686e+00
  -7.9830604e+00
  -7.9812964e+00
  -7.9794767e+00
  -7.9776013e+00
  -7.9756702e+00
  -7.9736835e+00
  -7.9716412e+00
  -7.9695433e+00
  -7.9673899e+00
  -7.9651810e+00
  -7.9629165e+00
  -7.9605967e+00
  -7.9582214e+00
  -7.9557907e+00
  -7.9533047e+00
  -7.9507633e+00
  -7.9481667e+00
  -7.9455149e+00
  -7.9428078e+00
  -7.9400456e+00
  -7.9372283e+00
  -7.9343559e+00
  -7.9314284e+00
  -7.9284460e+00
  -7.9254086e+00
  -7.9223163e+00
  -7.9191691e+00
  -7.9159671e+00
  -7.9127104e+00
  -7.9093989e+00
  -7.9060328e+00
  -7.9026120e+00
  -7.8991366e+00
  -7.8956067e+00
  -7.8920224e+00
  -7.8883836e+00
  -7.8846904e+00
  -7.8809429e+00
  -7.8771412e+00
  -7.8732852e+00
  -7.8693751e+00
  -7.8654109e+00
  -7.8613926e+00
  -7.8573204e+00
  -7.8531942e+00
  -7.8490142e+00
  -7.8447803e+00
  -7.8404927e+00
  -7.8361515e+00
  -7.8317566e+00
  -7.8273081e+00
  -7.8228062e+00
  -7.8182508e+00
  -7.8136421e+00
  -7.8089800e+00
  -7.8042648e+00
  -7.7994963e+00
  -7.7946748e+00
  -7.7898002e+00
  -7.7848727e+00
  -7.7798924e+00
  -7.7748591e+00
  -7.7697732e+00
  -7.7646346e+00
  -7.7594434e+00
  -7.7541996e+00
  -7.7489035e+00
  -7.7435549e+00
  -7.7381541e+00
  -7.7327010e+00
  -7.7271958e+00
  -7.7216386e+00
  -7.7160293e+00
  -7.7103682e+00
  -7.7046552e+00
  -7.6988905e+00
  -7.6930742e+00
  -7.6872063e+00
  -7.6812868e+00
  -7.6753160e+00
  -7.6692939e+00
  -7.6632205e+00
  -7.6570960e+00
  -7.6509204e+00
  -7.6446938e+00
  -7.6384164e+00
  -7.6320881e+00
  -7.6257092e+00
  -7.6192796e+00
  -7.6127995e+00
  -7.6062690e+00
  -7.5996881e+00
  -7.5930570e+00
  -7.5863758e+00
  -7.5796445e+00
  -7.5728632e+00
  -7.5660320e+00
  -7.5591511e+00
  -7.5522205e+00
  -7.5452403e+00
  -7.5382107e+00
  -7.5311316e+00
  -7.5240033e+00
  -7.5168258e+00
  -7.5095993e+00
  -7.5023237e+00
  -7.4949993e+00
  -7.4876262e+00
  -7.4802043e+00
  -7.4727339e+00
  -7.4652150e+00
  -7.4576478e+00
  -7.4500324e+00
  -7.4423688e+00
  -7.4346571e+00
  -7.4268976e+00
  -7.4190902e+00
  -7.4112351e+00
  -7.4033325e+00
  -7.3953823e+00
  -7.3873848e+00
  -7.3793400e+00
  -7.3712481e+00
  -7.3631091e+00
  -7.3549232e+00
  -7.3466905e+00
  -7.3384111e+00
  -7.3300851e+00
  -7.3217127e+00
  -7.3132939e+00
  -7.3048289e+00
  -7.2963177e+00
  -7.2877606e+00
  -7.2791576e+00
  -7.2705088e+00
  -7.2618145e+00
  -7.2530745e+00
  -7.2442892e+00
  -7.2354587e+00
  -7.2265829e+00
  -7.2176622e+00
  -7.2086965e+00
  -7.1996861e+00
  -7.1906310e+00
  -7.1815313e+00
  -7.1723873e+00
  -7.1631990e+00
  -7.1539665e+00
  -7.1446900e+00
  -7.1353696e+00
  -7.1260054e+00
  -7.1165976e+00
  -7.1071462e+00
  -7.0976515e+00
  -7.0881135e+00
  -7.0785324e+00
  -7.0689083e+00
  -7.0592414e+00
  -7.0495317e+00
  -7.0397794e+00
  -7.0299846e+00
  -7.0201475e+00
  -7.0102682e+00
  -7.0003469e+00
  -6.9903836e+00
  -6.9803785e+00
  -6.9703318e+00
  -6.9602436e+00
  -6.9501139e+00
  -6.9399431e+00
  -6.9297311e+00
  -6.9194781e+00
  -6.9091843e+00
  -6.8988498e+00
  -6.8884748e+00
  -6.8780594e+00
  -6.8676036e+00
  -6.8571078e+00
  -6.8465719e+00
  -6.8359963e+00
  -6.8253809e+00
  -6.8147259e+00
  -6.8040315e+00
  -6.7932978e+00
  -6.7825250e+00
  -6.7717133e+00
  -6.7608626e+00
  -6.7499733e+00
  -6.7390454e+00
  -6.7280791e+00
  -6.7170746e+00
  -6.7060319e+00
  -6.6949513e+00
  -6.6838328e+00
  -6.6726767e+00
  -6.6614830e+00
  -6.6502520e+00
  -6.6389837e+00
  -6.6276784e+00
  -6.6163361e+00
  -6.6049571e+00
  -6.5935414e+00
  -6.5820893e+00
  -6.5706008e+00
  -6.5590761e+00
  -6.5475155e+00
  -6.5359189e+00
  -6.5242866e+00
  -6.5126188e+00
  -6.5009156e+00
  -6.4891771e+00
  -6.4774035e+00
  -6.4655949e+00
  -6.4537516e+00
  -6.4418736e+00
  -6.4299611e+00
  -6.4180143e+00
  -6.4060333e+00
  -6.3940183e+00
  -6.3819695e+00
  -6.3698869e+00
  -6.3577708e+00
  -6.3456213e+00
  -6.3334385e+00
  -6.3212227e+00
  -6.3089740e+00
  -6.2966925e+00
  -6.2843784e+00
  -6.2720318e+00
  -6.2596530e+00
  -6.2472420e+00
  -6.2347991e+00
  -6.2223244e+00
  -6.2098180e+00
  -6.1972802e+00
  -6.1847110e+00
  -6.1721107e+00
  -6.1594793e+00
  -6.1468172e+00
  -6.1341243e+00
  -6.1214009e+00
  -6.1086472e+00
  -6.0958633e+00
  -6.0830493e+00
  -6.0702055e+00
  -6.0573320e+00
  -6.0444289e+00
  -6.0314965e+00
  -6.0185349e+00
  -6.0055441e+00
  -5.9925246e+00
  -5.9794762e+00
  -5.9663994e+00
  -5.9532941e+00
  -5.9401606e+00
  -5.9269991e+00
  -5.9138096e+00
  -5.9005924e+00
  -5.8873477e+00
  -5.8740755e+00
  -5.8607761e+00
  -5.8474496e+00
  -5.8340962e+00
  -5.8207161e+00
  -5.8073094e+00
  -5.7938763e+00
  -5.7804170e+00
  -5.7669316e+00
  -5.7534203e+00
  -5.7398832e+00
  -5.7263206e+00
  -5.7127326e+00
  -5.6991193e+00
  -5.6854810e+00
  -5.6718177e+00
  -5.6581298e+00
  -5.6444172e+00
  -5.6306803e+00
  -5.6169191e+00
  -5.6031339e+00
  -5.5893248e+00
  -5.5754919e+00
  -5.5616355e+00
  -5.5477557e+00
  -5.5338527e+00
  -5.5199266e+00
  -5.5059776e+00
  -5.4920059e+00
  -5.4780117e+00
  -5.4639951e+00
  -5.4499563e+00
  -5.4358955e+00
  -5.4218128e+00
  -5.4077083e+00
  -5.3935824e+00
  -5.3794351e+00
  -5.3652666e+00
  -5.3510771e+00
  -5.3368667e+00
  -5.3226356e+00
  -5.3083840e+00
  -5.2941121e+00
  -5.2798200e+00
  -5.2655079e+00
  -5.2511759e+00
  -5.2368243e+00
  -5.2224532e+00
  -5.2080628e+00
  -5.1936531e+00
  -5.1792246e+00
  -5.1647771e+00
  -5.1503111e+00
  -5.1358265e+00
  -5.1213237e+00
  -5.1068026e+00
  -5.0922637e+00
  -5.0777069e+00
  -5.0631325e+00
  -5.0485406e+00
  -5.0339314e+00
  -5.0193051e+00
  -5.0046619e+00
  -4.9900018e+00
  -4.9753251e+00
  -4.9606320e+00
  -4.9459226e+00
  -4.9311971e+00
  -4.9164557e+00
  -4.9016985e+00
  -4.8869256e+00
  -4.8721374e+00
  -4.8573338e+00
  -4.8425152e+00
  -4.8276817e+00
  -4.8128333e+00
  -4.7979704e+00
  -4.7830931e+00
  -4.7682015e+00
  -4.7532958e+00
  -4.7383762e+00
  -4.7234429e+00
  -4.7084960e+00
  -4.6935356e+00
  -4.6785620e+00
  -4.6635753e+00
  -4.6485758e+00
  -4.6335634e+00
  -4.6185385e+00
  -4.6035012e+00
  -4.5884516e+00
  -4.5733900e+00
  -4.5583164e+00
  -4.5432311e+00
  -4.5281343e+00
  -4.5130260e+00
  -4.4979064e+00
  -4.4827758e+00
  -4.4676343e+00
  -4.4524820e+00
  -4.4373192e+00
  -4.4221459e+00
  -4.4069624e+00
  -4.3917688e+00
  -4.3765653e+00
  -4.3613520e+00
  -4.3461292e+00
  -4.3308969e+00
  -4.3156554e+00
  -4.3004047e+00
  -4.2851451e+00
  -4.2698768e+00
  -4.2545999e+00
  -4.2393145e+00
  -4.2240208e+00
  -4.2087190e+00
  -4.1934093e+00
  -4.1780918e+00
  -4.1627666e+00
  -4.1474340e+00
  -4.1320941e+00
  -4.1167470e+00
  -4.1013930e+00
  -4.0860322e+00
  -4.0706647e+00
  -4.0552907e+00
  -4.0399103e+00
  -4.0245238e+00
  -4.0091313e+00
  -3.9937329e+00
  -3.9783289e+00
  -3.9629193e+00
  -3.9475043e+00
  -3.9320842e+00
  -3.9166589e+00
  -3.9012288e+00
  -3.8857940e+00
  -3.8703545e+00
  -3.8549107e+00
  -3.8394625e+00
  -3.8240103e+00
  -3.8085542e+00
  -3.7930942e+00
  -3.7776306e+00
  -3.7621636e+00
  -3.7466932e+00
  -3.7312196e+00
  -3.7157431e+00
  -3.7002637e+00
  -3.6847816e+00
  -3.6692969e+00
  -3.6538099e+00
  -3.6383206e+00
  -3.6228293e+00
  -3.6073360e+00
  -3.5918410e+00
  -3.5763444e+00
  -3.5608463e+00
  -3.5453468e+00
  -3.5298463e+00
  -3.5143447e+00
  -3.4988422e+00
  -3.4833391e+00
  -3.4678354e+00
  -3.4523313e+00
  -3.4368270e+00
  -3.4213225e+00
  -3.4058181e+00
  -3.3903139e+00
  -3.3748101e+00
  -3.3593068e+00
  -3.3438041e+00
  -3.3283022e+00
  -3.3128012e+00
  -3.2973014e+00
  -3.2818028e+00
  -3.2663055e+00
  -3.2508099e+00
  -3.2353159e+00
  -3.2198237e+00
  -3.2043335e+00
  -3.1888454e+00
  -3.1733596e+00
  -3.1578762e+00
  -3.1423953e+00
  -3.1269172e+00
  -3.1114419e+00
  -3.0959696e+00
  -3.0805004e+00
  -3.0650344e+00
  -3.0495719e+00
  -3.0341130e+00
  -3.0186578e+00
  -3.0032064e+00
  -2.9877589e+00
  -2.9723156e+00
  -2.9568766e+00
  -2.9414420e+00
  -2.9260119e+00
  -2.9105865e+00
  -2.8951659e+00
  -2.8797503e+00
  -2.8643398e+00
  -2.8489345e+00
  -2.8335346e+00
  -2.8181402e+00
  -2.8027514e+00
  -2.7873685e+00
  -2.7719914e+00
  -2.7566204e+00
  -2.7412557e+00
  -2.7258972e+00
  -2.7105452e+00
  -2.6951998e+00
  -2.6798611e+00
  -2.6645293e+00
  -2.6492044e+00
  -2.6338867e+00
  -2.6185763e+00
  -2.6032733e+00
  -2.5879777e+00
  -2.5726899e+00
  -2.5574098e+00
  -2.5421376e+00
  -2.5268735e+00
  -2.5116175e+00
  -2.4963699e+00
  -2.4811307e+00
  -2.4659000e+00
  -2.4506781e+00
  -2.4354649e+00
  -2.4202607e+00
  -2.4050656e+00
  -2.3898796e+00
  -2.3747030e+00
  -2.3595358e+00
  -2.3443782e+00
  -2.3292303e+00
  -2.3140922e+00
  -2.2989641e+00
  -2.2838460e+00
  -2.2687381e+00
  -2.2536405e+00
  -2.2385534e+00
  -2.2234768e+00
  -2.2084109e+00
  -2.1933558e+00
  -2.1783116e+00
  -2.1632784e+00
  -2.1482565e+00
  -2.1332457e+00
  -2.1182464e+00
  -2.1032586e+00
  -2.0882824e+00
  -2.0733180e+00
  -2.0583654e+00
  -2.0434248e+00
  -2.0284963e+00
  -2.0135801e+00
  -1.9986761e+00
  -1.9837846e+00
  -1.9689057e+00
  -1.9540394e+00
  -1.9391859e+00
  -1.9243453e+00
  -1.9095178e+00
  -1.8947033e+00
  -1.8799021e+00
  -1.8651142e+00
  -1.8503398e+00
  -1.8355790e+00
  -1.8208318e+00
  -1.8060984e+00
  -1.7913789e+00
  -1.7766734e+00
  -1.7619820e+00
  -1.7473049e+00
  -1.7326421e+00
  -1.7179937e+00
  -1.7033598e+00
  -1.6887406e+00
  -1.6741361e+00
  -1.6595465e+00
  -1.6449719e+00
  -1.6304123e+00
  -1.6158679e+00
  -1.6013388e+00
  -1.5868250e+00
  -1.5723268e+00
  -1.5578441e+00
  -1.5433770e+00
  -1.5289258e+00
  -1.5144904e+00
  -1.5000711e+00
  -1.4856678e+00
  -1.4712806e+00
  -1.4569098e+00
  -1.4425553e+00
  -1.4282174e+00
  -1.4138959e+00
  -1.3995912e+00
  -1.3853032e+00
  -1.3710321e+00
  -1.3567779e+00
  -1.3425408e+00
  -1.3283209e+00
  -1.3141181e+00
  -1.2999328e+00
  -1.2857648e+00
  -1.2716144e+00
  -1.2574815e+00
  -1.2433664e+00
  -1.2292691e+00
  -1.2151896e+00
  -1.2011281e+00
  -1.1870847e+00
  -1.1730595e+00
  -1.1590525e+00
  -1.1450638e+00
  -1.1310936e+00
  -1.1171418e+00
  -1.1032087e+00
  -1.0892942e+00
  -1.0753985e+00
  -1.0615217e+00
  -1.0476638e+00
  -1.0338249e+00
  -1.0200052e+00
  -1.0062046e+00
  -9.9242329e-01
  -9.7866136e-01
  -9.6491887e-01
  -9.5119590e-01
  -9.3749253e-01
  -9.2380886e-01
  -9.1014495e-01
  -8.9650089e-01
  -8.8287675e-01
  -8.6927263e-01
  -8.5568859e-01
  -8.4212471e-01
  -8.2858107e-01
  -8.1505776e-01
  -8.0155484e-01
  -7.8807239e-01
  -7.7461049e-01
  -7.6116922e-01
  -7.4774864e-01
  -7.3434884e-01
  -7.2096989e-01
  -7.0761186e-01
  -6.9427483e-01
  -6.8095887e-01
  -6.6766404e-01
  -6.5439043e-01
  -6.4113810e-01
  -6.2790713e-01
  -6.1469758e-01
  -6.0150953e-01
  -5.8834304e-01
  -5.7519819e-01
  -5.6207504e-01
  -5.4897366e-01
  -5.3589412e-01
  -5.2283649e-01
  -5.0980083e-01
  -4.9678721e-01
  -4.8379570e-01
  -4.7082636e-01
  -4.5787925e-01
  -4.4495445e-01
  -4.3205201e-01
  -4.1917200e-01
  -4.0631448e-01
  -3.9347951e-01
  -3.8066716e-01
  -3.6787749e-01
  -3.5511056e-01
  -3.4236643e-01
  -3.2964517e-01
  -3.1694682e-01
  -3.0427146e-01
  -2.9161913e-01
  -2.7898991e-01
  -2.6638384e-01
  -2.5380099e-01
  -2.4124141e-01
  -2.2870516e-01
  -2.1619229e-01
  -2.0370287e-01
  -1.9123695e-01
  -1.7879457e-01
  -1.6637581e-01
  -1.5398070e-01
  -1.4160932e-01
  -1.2926170e-01
  -1.1693790e-01
  -1.0463797e-01
  -9.2361975e-02
  -8.0109954e-02
  -6.7881962e-02
  -5.5678049e-02
  -4.3498266e-02
  -3.1342662e-02
  -1.9211287e-02
  -7.1041897e-03
   4.9785813e-03
   1.7036978e-02
   2.9070953e-02
   4.1080458e-02
   5.3065448e-02
   6.5025875e-02
   7.6961695e-02
   8.8872861e-02
   1.0075933e-01
   1.1262105e-01
   1.2445799e-01
   1.3627009e-01
   1.4805733e-01
   1.5981964e-01
   1.7155699e-01
   1.8326935e-01
   1.9495666e-01
   2.0661888e-01
   2.1825598e-01
   2.2986791e-01
   2.4145464e-01
   2.5301613e-01
   2.6455232e-01
   2.7606320e-01
   2.8754872e-01
   2.9900883e-01
   3.1044352e-01
   3.2185272e-01
   3.3323642e-01
   3.4459458e-01
   3.5592715e-01
   3.6723410e-01
   3.7851540e-01
   3.8977102e-01
   4.0100092e-01
   4.1220506e-01
   4.2338342e-01
   4.3453595e-01
   4.4566264e-01
   4.5676344e-01
   4.6783832e-01
   4.7888726e-01
   4.8991022e-01
   5.0090717e-01
   5.1187808e-01
   5.2282293e-01
   5.3374167e-01
   5.4463430e-01
   5.5550076e-01
   5.6634105e-01
   5.7715512e-01
   5.8794296e-01
   5.9870454e-01
   6.0943982e-01
   6.2014879e-01
   6.3083141e-01
   6.4148767e-01
   6.5211754e-01
   6.6272099e-01
   6.7329800e-01
   6.8384855e-01
   6.9437261e-01
   7.0487015e-01
   7.1534117e-01
   7.2578563e-01
   7.3620352e-01
   7.4659480e-01
   7.5695947e-01
   7.6729750e-01
   7.7760886e-01
   7.8789355e-01
   7.9815154e-01
   8.0838281e-01
   8.1858735e-01
   8.2876512e-01
   8.3891613e-01
   8.4904034e-01
   8.5913775e-01
   8.6920833e-01
   8.7925207e-01
   8.8926895e-01
   8.9925896e-01
   9.0922208e-01
   9.1915830e-01
   9.2906760e-01
   9.3894997e-01
   9.4880539e-01
   9.5863385e-01
   9.6843533e-01
   9.7820983e-01
   9.8795733e-01
   9.9767782e-01
   1.0073713e+00
   1.0170377e+00
   1.0266771e+00
   1.0362894e+00
   1.0458747e+00
   1.0554329e+00
   1.0649640e+00
   1.0744680e+00
   1.0839449e+00
   1.0933947e+00
   1.1028174e+00
   1.1122129e+00
   1.1215813e+00
   1.1309226e+00
   1.1402367e+00
   1.1495237e+00
   1.1587835e+00
   1.1680161e+00
   1.1772215e+00
   1.1863998e+00
   1.1955509e+00
   1.2046748e+00
   1.2137714e+00
   1.2228409e+00
   1.2318832e+00
   1.2408983e+00
   1.2498862e+00
   1.2588469e+00
   1.2677803e+00
   1.2766866e+00
   1.2855656e+00
   1.2944174e+00
   1.3032420e+00
   1.3120394e+00
   1.3208096e+00
   1.3295525e+00
   1.3382682e+00
   1.3469567e+00
   1.3556180e+00
   1.3642520e+00
   1.3728589e+00
   1.3814385e+00
   1.3899909e+00
   1.3985161e+00
   1.4070141e+00
   1.4154849e+00
   1.4239286e+00
   1.4323450e+00
   1.4407342e+00
   1.4490962e+00
   1.4574310e+00
   1.4657387e+00
   1.4740192e+00
   1.4822725e+00
   1.4904987e+00
   1.4986977e+00
   1.5068695e+00
   1.5150143e+00
   1.5231318e+00
   1.5312223e+00
   1.5392856e+00
   1.5473218e+00
   1.5553309e+00
   1.5633129e+00
   1.5712679e+00
   1.5791957e+00
   1.5870965e+00
   1.5949702e+00
   1.6028168e+00
   1.6106364e+00
   1.6184290e+00
   1.6261946e+00
   1.6339331e+00
   1.6416447e+00
   1.6493292e+00
   1.6569868e+00
   1.6646175e+00
   1.6722211e+00
   1.6797979e+00
   1.6873477e+00
   1.6948706e+00
   1.7023666e+00
   1.7098357e+00
   1.7172779e+00
   1.7246933e+00
   1.7320818e+00
   1.7394435e+00
   1.7467784e+00
   1.7540865e+00
   1.7613678e+00
   1.7686223e+00
   1.7758501e+00
   1.7830511e+00
   1.7902254e+00
   1.7973730e+00
   1.8044939e+00
   1.8115882e+00
   1.8186558e+00
   1.8256967e+00
   1.8327111e+00
   1.8396988e+00
   1.8466600e+00
   1.8535946e+00
   1.8605026e+00
   1.8673841e+00
   1.8742391e+00
   1.8810677e+00
   1.8878697e+00
   1.8946453e+00
   1.9013945e+00
   1.9081173e+00
   1.9148136e+00
   1.9214836e+00
   1.9281273e+00
   1.9347447e+00
   1.9413357e+00
   1.9479005e+00
   1.9544389e+00
   1.9609512e+00
   1.9674372e+00
   1.9738971e+00
   1.9803308e+00
   1.9867383e+00
   1.9931197e+00
   1.9994750e+00
   2.0058043e+00
   2.0121074e+00
   2.0183846e+00
   2.0246357e+00
   2.0308609e+00
   2.0370601e+00
   2.0432334e+00
   2.0493807e+00
   2.0555022e+00
   2.0615978e+00
   2.0676676e+00
   2.0737116e+00
   2.0797299e+00
   2.0857223e+00
   2.0916891e+00
   2.0976301e+00
   2.1035455e+00
   2.1094352e+00
   2.1152993e+00
   2.1211378e+00
   2.1269508e+00
   2.1327382e+00
   2.1385001e+00
   2.1442365e+00
   2.1499475e+00
   2.1556331e+00
   2.1612932e+00
   2.1669280e+00
   2.1725375e+00
   2.1781216e+00
   2.1836805e+00
   2.1892141e+00
   2.1947225e+00
   2.2002058e+00
   2.2056638e+00
   2.2110967e+00
   2.2165046e+00
   2.2218873e+00
   2.2272451e+00
   2.2325778e+00
   2.2378855e+00
   2.2431684e+00
   2.2484262e+00
   2.2536593e+00
   2.2588674e+00
   2.2640508e+00
   2.2692093e+00
   2.2743431e+00
   2.2794522e+00
   2.2845366e+00
   2.2895964e+00
   2.2946315e+00
   2.2996420e+00
   2.3046280e+00
   2.3095894e+00
   2.3145264e+00
   2.3194389e+00
   2.3243270e+00
   2.3291907e+00
   2.3340300e+00
   2.3388450e+00
   2.3436358e+00
   2.3484023e+00
   2.3531445e+00
   2.3578626e+00
   2.3625565e+00
   2.3672263e+00
   2.3718721e+00
   2.3764938e+00
   2.3810915e+00
   2.3856652e+00
   2.3902150e+00
   2.3947408e+00
   2.3992428e+00
   2.4037210e+00
   2.4081754e+00
   2.4126061e+00
   2.4170130e+00
   2.4213962e+00
   2.4257558e+00
   2.4300918e+00
   2.4344042e+00
   2.4386930e+00
   2.4429584e+00
   2.4472003e+00
   2.4514188e+00
   2.4556139e+00
   2.4597856e+00
   2.4639341e+00
   2.4680592e+00
   2.4721612e+00
   2.4762399e+00
   2.4802955e+00
   2.4843279e+00
   2.4883373e+00
   2.4923236e+00
   2.4962869e+00
   2.5002273e+00
   2.5041447e+00
   2.5080392e+00
   2.5119109e+00
   2.5157597e+00
   2.5195858e+00
   2.5233892e+00
   2.5271699e+00
   2.5309279e+00
   2.5346633e+00
   2.5383761e+00
   2.5420664e+00
   2.5457342e+00
   2.5493795e+00
   2.5530025e+00
   2.5566030e+00
   2.5601812e+00
   2.5637371e+00
   2.5672708e+00
   2.5707823e+00
   2.5742716e+00
   2.5777387e+00
   2.5811838e+00
   2.5846068e+00
   2.5880078e+00
   2.5913868e+00
   2.5947439e+00
   2.5980791e+00
   2.6013925e+00
   2.6046841e+00
   2.6079539e+00
   2.6112020e+00
   2.6144284e+00
   2.6176332e+00
   2.6208163e+00
   2.6239780e+00
   2.6271181e+00
   2.6302367e+00
   2.6333339e+00
   2.6364098e+00
   2.6394643e+00
   2.6424974e+00
   2.6455094e+00
   2.6485001e+00
   2.6514696e+00
   2.6544180e+00
   2.6573453e+00
   2.6602516e+00
   2.6631369e+00
   2.6660012e+00
   2.6688446e+00
   2.6716671e+00
   2.6744687e+00
   2.6772496e+00
   2.6800098e+00
   2.6827492e+00
   2.6854680e+00
   2.6881662e+00
   2.6908437e+00
   2.6935008e+00
   2.6961374e+00
   2.6987535e+00
   2.7013492e+00
   2.7039246e+00
   2.7064797e+00
   2.7090144e+00
   2.7115290e+00
   2.7140234e+00
   2.7164976e+00
   2.7189518e+00
   2.7213859e+00
   2.7238000e+00
   2.7261941e+00
   2.7285683e+00
   2.7309226e+00
   2.7332571e+00
   2.7355718e+00
   2.7378668e+00
   2.7401421e+00
   2.7423977e+00
   2.7446337e+00
   2.7468502e+00
   2.7490471e+00
   2.7512245e+00
   2.7533825e+00
   2.7555212e+00
   2.7576405e+00
   2.7597404e+00
   2.7618212e+00
   2.7638827e+00
   2.7659250e+00
   2.7679483e+00
   2.7699524e+00
   2.7719375e+00
   2.7739037e+00
   2.7758509e+00
   2.7777792e+00
   2.7796886e+00
   2.7815792e+00
   2.7834511e+00
   2.7853043e+00
   2.7871387e+00
   2.7889546e+00
   2.7907519e+00
   2.7925306e+00
   2.7942908e+00
   2.7960326e+00
   2.7977560e+00
   2.7994610e+00
   2.8011477e+00
   2.8028162e+00
   2.8044664e+00
   2.8060984e+00
   2.8077123e+00
   2.8093082e+00
   2.8108859e+00
   2.8124457e+00
   2.8139875e+00
   2.8155114e+00
   2.8170175e+00
   2.8185057e+00
   2.8199762e+00
   2.8214289e+00
   2.8228639e+00
   2.8242814e+00
   2.8256812e+00
   2.8270634e+00
   2.8284282e+00
   2.8297755e+00
   2.8311054e+00
   2.8324180e+00
   2.8337132e+00
   2.8349911e+00
   2.8362518e+00
   2.8374954e+00
   2.8387217e+00
   2.8399310e+00
   2.8411233e+00
   2.8422985e+00
   2.8434568e+00
   2.8445981e+00
   2.8457226e+00
   2.8468303e+00
   2.8479212e+00
   2.8489954e+00
   2.8500528e+00
   2.8510937e+00
   2.8521179e+00
   2.8531256e+00
   2.8541167e+00
   2.8550915e+00
   2.8560497e+00
   2.8569917e+00
   2.8579173e+00
   2.8588266e+00
   2.8597196e+00
   2.8605965e+00
   2.8614573e+00
   2.8623019e+00
   2.8631305e+00
   2.8639430e+00
   2.8647397e+00
   2.8655203e+00
   2.8662851e+00
   2.8670341e+00
   2.8677673e+00
   2.8684847e+00
   2.8691865e+00
   2.8698726e+00
   2.8705431e+00
   2.8711980e+00
   2.8718374e+00
   2.8724614e+00
   2.8730699e+00
   2.8736630e+00
   2.8742408e+00
   2.8748033e+00
   2.8753506e+00
   2.8758826e+00
   2.8763995e+00
   2.8769013e+00
   2.8773880e+00
   2.8778597e+00
   2.8783164e+00
   2.8787582e+00
   2.8791851e+00
   2.8795971e+00
   2.8799943e+00
   2.8803768e+00
   2.8807445e+00
   2.8810976e+00
   2.8814361e+00
   2.8817600e+00
   2.8820693e+00
   2.8823642e+00
   2.8826446e+00
   2.8829106e+00
   2.8831623e+00
   2.8833996e+00
   2.8836227e+00
   2.8838315e+00
   2.8840262e+00
   2.8842067e+00
   2.8843731e+00
   2.8845255e+00
   2.8846639e+00
   2.8847883e+00
   2.8848988e+00
   2.8849954e+00
   2.8850782e+00
   2.8851472e+00
   2.8852024e+00
   2.8852440e+00
   2.8852719e+00
   2.8852862e+00
   2.8852869e+00
   2.8852741e+00
   2.8852478e+00
   2.8852081e+00
   2.8851550e+00
   2.8850885e+00
   2.8850087e+00
   2.8849157e+00
   2.8848094e+00
   2.8846900e+00
   2.8845574e+00
   2.8844117e+00
   2.8842530e+00
   2.8840813e+00
   2.8838966e+00
   2.8836990e+00
   2.8834885e+00
   2.8832652e+00
   2.8830291e+00
   2.8827803e+00
   2.8825187e+00
   2.8822445e+00
   2.8819576e+00
   2.8816582e+00
   2.8813463e+00
   2.8810218e+00
   2.8806849e+00
   2.8803356e+00
   2.8799740e+00
   2.8796000e+00
   2.8792137e+00
   2.8788152e+00
   2.8784045e+00
   2.8779816e+00
   2.8775467e+00
   2.8770996e+00
   2.8766405e+00
   2.8761695e+00
   2.8756865e+00
   2.8751916e+00
   2.8746848e+00
   2.8741663e+00
   2.8736359e+00
   2.8730938e+00
   2.8725400e+00
   2.8719746e+00
   2.8713976e+00
   2.8708089e+00
   2.8702088e+00
   2.8695972e+00
   2.8689741e+00
   2.8683396e+00
   2.8676938e+00
   2.8670366e+00
   2.8663682e+00
   2.8656885e+00
   2.8649976e+00
   2.8642956e+00
   2.8635824e+00
   2.8628582e+00
   2.8621230e+00
   2.8613767e+00
   2.8606195e+00
   2.8598514e+00
   2.8590724e+00
   2.8582825e+00
   2.8574819e+00
   2.8566705e+00
   2.8558484e+00
   2.8550157e+00
   2.8541723e+00
   2.8533183e+00
   2.8524538e+00
   2.8515787e+00
   2.8506932e+00
   2.8497973e+00
   2.8488909e+00
   2.8479742e+00
   2.8470472e+00
   2.8461100e+00
   2.8451624e+00
   2.8442047e+00
   2.8432369e+00
   2.8422589e+00
   2.8412709e+00
   2.8402728e+00
   2.8392647e+00
   2.8382467e+00
   2.8372187e+00
   2.8361809e+00
   2.8351332e+00
   2.8340757e+00
   2.8330085e+00
   2.8319315e+00
   2.8308449e+00
   2.8297486e+00
   2.8286427e+00
   2.8275272e+00
   2.8264022e+00
   2.8252677e+00
   2.8241237e+00
   2.8229704e+00
   2.8218076e+00
   2.8206355e+00
   2.8194541e+00
   2.8182635e+00
   2.8170636e+00
   2.8158545e+00
   2.8146363e+00
   2.8134090e+00
   2.8121725e+00
   2.8109271e+00
   2.8096726e+00
   2.8084092e+00
   2.8071369e+00
   2.8058557e+00
   2.8045656e+00
   2.8032667e+00
   2.8019590e+00
   2.8006426e+00
   2.7993175e+00
   2.7979838e+00
   2.7966413e+00
   2.7952904e+00
   2.7939308e+00
   2.7925627e+00
   2.7911862e+00
   2.7898012e+00
   2.7884078e+00
   2.7870060e+00
   2.7855959e+00
   2.7841775e+00
   2.7827508e+00
   2.7813159e+00
   2.7798728e+00
   2.7784216e+00
   2.7769622e+00
   2.7754948e+00
   2.7740193e+00
   2.7725357e+00
   2.7710443e+00
   2.7695448e+00
   2.7680375e+00
   2.7665223e+00
   2.7649992e+00
   2.7634684e+00
   2.7619298e+00
   2.7603835e+00
   2.7588294e+00
   2.7572677e+00
   2.7556984e+00
   2.7541215e+00
   2.7525371e+00
   2.7509451e+00
   2.7493457e+00
   2.7477387e+00
   2.7461244e+00
   2.7445027e+00
   2.7428737e+00
   2.7412373e+00
   2.7395936e+00
   2.7379428e+00
   2.7362847e+00
   2.7346194e+00
   2.7329470e+00
   2.7312674e+00
   2.7295808e+00
   2.7278872e+00
   2.7261866e+00
   2.7244789e+00
   2.7227644e+00
   2.7210429e+00
   2.7193146e+00
   2.7175794e+00
   2.7158374e+00
   2.7140886e+00
   2.7123331e+00
   2.7105709e+00
   2.7088020e+00
   2.7070265e+00
   2.7052444e+00
   2.7034557e+00
   2.7016604e+00
   2.6998587e+00
   2.6980504e+00
   2.6962357e+00
   2.6944146e+00
   2.6925871e+00
   2.6907533e+00
   2.6889132e+00
   2.6870667e+00
   2.6852141e+00
   2.6833551e+00
   2.6814901e+00
   2.6796188e+00
   2.6777414e+00
   2.6758580e+00
   2.6739684e+00
   2.6720729e+00
   2.6701713e+00
   2.6682638e+00
   2.6663503e+00
   2.6644310e+00
   2.6625057e+00
   2.6605746e+00
   2.6586377e+00
   2.6566950e+00
   2.6547466e+00
   2.6527925e+00
   2.6508326e+00
   2.6488671e+00
   2.6468960e+00
   2.6449193e+00
   2.6429370e+00
   2.6409492e+00
   2.6389559e+00
   2.6369571e+00
   2.6349528e+00
   2.6329432e+00
   2.6309281e+00
   2.6289077e+00
   2.6268820e+00
   2.6248510e+00
   2.6228147e+00
   2.6207732e+00
   2.6187264e+00
   2.6166745e+00
   2.6146175e+00
   2.6125553e+00
   2.6104880e+00
   2.6084157e+00
   2.6063383e+00
   2.6042560e+00
   2.6021686e+00
   2.6000764e+00
   2.5979792e+00
   2.5958771e+00
   2.5937701e+00
   2.5916584e+00
   2.5895418e+00
   2.5874205e+00
   2.5852944e+00
   2.5831636e+00
   2.5810281e+00
   2.5788880e+00
   2.5767432e+00
   2.5745938e+00
   2.5724399e+00
   2.5702814e+00
   2.5681183e+00
   2.5659508e+00
   2.5637789e+00
   2.5616024e+00
   2.5594216e+00
   2.5572364e+00
   2.5550469e+00
   2.5528530e+00
   2.5506548e+00
   2.5484524e+00
   2.5462457e+00
   2.5440347e+00
   2.5418196e+00
   2.5396004e+00
   2.5373770e+00
   2.5351494e+00
   2.5329178e+00
   2.5306822e+00
   2.5284425e+00
   2.5261988e+00
   2.5239511e+00
   2.5216995e+00
   2.5194440e+00
   2.5171845e+00
   2.5149212e+00
   2.5126540e+00
   2.5103830e+00
   2.5081082e+00
   2.5058297e+00
   2.5035474e+00
   2.5012614e+00
   2.4989717e+00
   2.4966783e+00
   2.4943813e+00
   2.4920806e+00
   2.4897764e+00
   2.4874686e+00
   2.4851573e+00
   2.4828425e+00
   2.4805241e+00
   2.4782023e+00
   2.4758771e+00
   2.4735484e+00
   2.4712164e+00
   2.4688810e+00
   2.4665422e+00
   2.4642002e+00
   2.4618548e+00
   2.4595062e+00
   2.4571543e+00
   2.4547992e+00
   2.4524409e+00
   2.4500795e+00
   2.4477149e+00
   2.4453471e+00
   2.4429763e+00
   2.4406024e+00
   2.4382255e+00
   2.4358455e+00
   2.4334625e+00
   2.4310765e+00
   2.4286876e+00
   2.4262958e+00
   2.4239010e+00
   2.4215033e+00
   2.4191028e+00
   2.4166995e+00
   2.4142933e+00
   2.4118843e+00
   2.4094726e+00
   2.4070581e+00
   2.4046409e+00
   2.4022210e+00
   2.3997984e+00
   2.3973731e+00
   2.3949453e+00
   2.3925148e+00
   2.3900817e+00
   2.3876460e+00
   2.3852078e+00
   2.3827671e+00
   2.3803239e+00
   2.3778782e+00
   2.3754300e+00
   2.3729794e+00
   2.3705264e+00
   2.3680710e+00
   2.3656132e+00
   2.3631531e+00
   2.3606907e+00
   2.3582259e+00
   2.3557589e+00
   2.3532896e+00
   2.3508181e+00
   2.3483443e+00
   2.3458684e+00
   2.3433902e+00
   2.3409100e+00
   2.3384275e+00
   2.3359430e+00
   2.3334564e+00
   2.3309677e+00
   2.3284769e+00
   2.3259842e+00
   2.3234894e+00
   2.3209926e+00
   2.3184938e+00
   2.3159931e+00
   2.3134905e+00
   2.3109860e+00
   2.3084796e+00
   2.3059713e+00
   2.3034612e+00
   2.3009492e+00
   2.2984354e+00
   2.2959199e+00
   2.2934025e+00
   2.2908835e+00
   2.2883627e+00
   2.2858402e+00
   2.2833160e+00
   2.2807901e+00
   2.2782626e+00
   2.2757334e+00
   2.2732027e+00
   2.2706703e+00
   2.2681364e+00
   2.2656009e+00
   2.2630639e+00
   2.2605254e+00
   2.2579854e+00
   2.2554439e+00
   2.2529009e+00
   2.2503565e+00
   2.2478107e+00
   2.2452635e+00
   2.2427149e+00
   2.2401649e+00
   2.2376136e+00
   2.2350609e+00
   2.2325069e+00
   2.2299517e+00
   2.2273952e+00
   2.2248374e+00
   2.2222784e+00
   2.2197181e+00
   2.2171567e+00
   2.2145941e+00
   2.2120303e+00
   2.2094653e+00
   2.2068993e+00
   2.2043321e+00
   2.2017638e+00
   2.1991944e+00
   2.1966240e+00
   2.1940526e+00
   2.1914801e+00
   2.1889066e+00
   2.1863321e+00
   2.1837566e+00
   2.1811802e+00
   2.1786029e+00
   2.1760246e+00
   2.1734454e+00
   2.1708653e+00
   2.1682844e+00
   2.1657026e+00
   2.1631199e+00
   2.1605365e+00
   2.1579522e+00
   2.1553671e+00
   2.1527813e+00
   2.1501947e+00
   2.1476074e+00
   2.1450193e+00
   2.1424306e+00
   2.1398411e+00
   2.1372510e+00
   2.1346602e+00
   2.1320688e+00
   2.1294768e+00
   2.1268841e+00
   2.1242908e+00
   2.1216970e+00
   2.1191026e+00
   2.1165076e+00
   2.1139122e+00
   2.1113162e+00
   2.1087197e+00
   2.1061227e+00
   2.1035252e+00
   2.1009273e+00
   2.0983289e+00
   2.0957302e+00
   2.0931310e+00
   2.0905314e+00
   2.0879314e+00
   2.0853311e+00
   2.0827304e+00
   2.0801294e+00
   2.0775281e+00
   2.0749264e+00
   2.0723245e+00
   2.0697223e+00
   2.0671198e+00
   2.0645171e+00
   2.0619141e+00
   2.0593110e+00
   2.0567076e+00
   2.0541040e+00
   2.0515003e+00
   2.0488964e+00
   2.0462923e+00
   2.0436882e+00
   2.0410839e+00
   2.0384795e+00
   2.0358750e+00
   2.0332704e+00
   2.0306658e+00
   2.0280611e+00
   2.0254564e+00
   2.0228516e+00
   2.0202469e+00
   2.0176421e+00
   2.0150374e+00
   2.0124327e+00
   2.0098280e+00
   2.0072235e+00
   2.0046189e+00
   2.0020145e+00
   1.9994102e+00
   1.9968059e+00
   1.9942018e+00
   1.9915979e+00
   1.9889941e+00
   1.9863904e+00
   1.9837869e+00
   1.9811837e+00
   1.9785806e+00
   1.9759777e+00
   1.9733751e+00
   1.9707727e+00
   1.9681705e+00
   1.9655686e+00
   1.9629670e+00
   1.9603657e+00
   1.9577647e+00
   1.9551640e+00
   1.9525637e+00
   1.9499636e+00
   1.9473639e+00
   1.9447646e+00
   1.9421657e+00
   1.9395671e+00
   1.9369690e+00
   1.9343712e+00
   1.9317739e+00
   1.9291770e+00
   1.9265806e+00
   1.9239846e+00
   1.9213891e+00
   1.9187941e+00
   1.9161996e+00
   1.9136055e+00
   1.9110120e+00
   1.9084190e+00
   1.9058266e+00
   1.9032347e+00
   1.9006434e+00
   1.8980526e+00
   1.8954624e+00
   1.8928729e+00
   1.8902839e+00
   1.8876955e+00
   1.8851078e+00
   1.8825207e+00
   1.8799343e+00
   1.8773485e+00
   1.8747634e+00
   1.8721790e+00
   1.8695953e+00
   1.8670122e+00
   1.8644299e+00
   1.8618484e+00
   1.8592675e+00
   1.8566874e+00
   1.8541081e+00
   1.8515295e+00
   1.8489517e+00
   1.8463747e+00
   1.8437985e+00
   1.8412231e+00
   1.8386485e+00
   1.8360748e+00
   1.8335018e+00
   1.8309298e+00
   1.8283586e+00
   1.8257882e+00
   1.8232188e+00
   1.8206502e+00
   1.8180825e+00
   1.8155158e+00
   1.8129499e+00
   1.8103850e+00
   1.8078210e+00
   1.8052580e+00
   1.8026959e+00
   1.8001348e+00
   1.7975747e+00
   1.7950156e+00
   1.7924574e+00
   1.7899002e+00
   1.7873441e+00
   1.7847890e+00
   1.7822349e+00
   1.7796819e+00
   1.7771299e+00
   1.7745789e+00
   1.7720291e+00
   1.7694803e+00
   1.7669326e+00
   1.7643860e+00
   1.7618405e+00
   1.7592961e+00
   1.7567528e+00
   1.7542107e+00
   1.7516697e+00
   1.7491298e+00
   1.7465911e+00
   1.7440536e+00
   1.7415172e+00
   1.7389820e+00
   1.7364480e+00
   1.7339152e+00
   1.7313837e+00
   1.7288533e+00
   1.7263241e+00
   1.7237962e+00
   1.7212695e+00
   1.7187441e+00
   1.7162199e+00
   1.7136970e+00
   1.7111754e+00
   1.7086551e+00
   1.7061360e+00
   1.7036182e+00
   1.7011018e+00
   1.6985866e+00
   1.6960728e+00
   1.6935603e+00
   1.6910491e+00
   1.6885393e+00
   1.6860308e+00
   1.6835237e+00
   1.6810179e+00
   1.6785136e+00
   1.6760106e+00
   1.6735090e+00
   1.6710087e+00
   1.6685099e+00
   1.6660125e+00
   1.6635166e+00
   1.6610220e+00
   1.6585289e+00
   1.6560372e+00
   1.6535470e+00
   1.6510582e+00
   1.6485709e+00
   1.6460850e+00
   1.6436006e+00
   1.6411178e+00
   1.6386364e+00
   1.6361565e+00
   1.6336780e+00
   1.6312012e+00
   1.6287258e+00
   1.6262519e+00
   1.6237796e+00
   1.6213088e+00
   1.6188396e+00
   1.6163719e+00
   1.6139058e+00
   1.6114412e+00
   1.6089782e+00
   1.6065168e+00
   1.6040569e+00
   1.6015987e+00
   1.5991420e+00
   1.5966870e+00
   1.5942335e+00
   1.5917817e+00
   1.5893315e+00
   1.5868829e+00
   1.5844360e+00
   1.5819906e+00
   1.5795470e+00
   1.5771050e+00
   1.5746646e+00
   1.5722259e+00
   1.5697889e+00
   1.5673536e+00
   1.5649199e+00
   1.5624879e+00
   1.5600577e+00
   1.5576291e+00
   1.5552022e+00
   1.5527770e+00
   1.5503536e+00
   1.5479318e+00
   1.5455118e+00
   1.5430936e+00
   1.5406771e+00
   1.5382623e+00
   1.5358492e+00
   1.5334380e+00
   1.5310284e+00
   1.5286207e+00
   1.5262147e+00
   1.5238105e+00
   1.5214081e+00
   1.5190075e+00
   1.5166086e+00
   1.5142116e+00
   1.5118163e+00
   1.5094229e+00
   1.5070313e+00
   1.5046415e+00
   1.5022535e+00
   1.4998674e+00
   1.4974831e+00
   1.4951006e+00
   1.4927200e+00
   1.4903412e+00
   1.4879643e+00
   1.4855892e+00
   1.4832160e+00
   1.4808447e+00
   1.4784752e+00
   1.4761076e+00
   1.4737419e+00
   1.4713781e+00
   1.4690162e+00
   1.4666561e+00
   1.4642980e+00
   1.4619418e+00
   1.4595875e+00
   1.4572351e+00
   1.4548846e+00
   1.4525361e+00
   1.4501894e+00
   1.4478447e+00
   1.4455020e+00
   1.4431612e+00
   1.4408223e+00
   1.4384854e+00
   1.4361504e+00
   1.4338174e+00
   1.4314863e+00
   1.4291573e+00
   1.4268301e+00
   1.4245050e+00
   1.4221818e+00
   1.4198607e+00
   1.4175415e+00
   1.4152243e+00
   1.4129091e+00
   1.4105959e+00
   1.4082847e+00
   1.4059755e+00
   1.4036683e+00
   1.4013631e+00
   1.3990600e+00
   1.3967588e+00
   1.3944597e+00
   1.3921626e+00
   1.3898676e+00
   1.3875746e+00
   1.3852836e+00
   1.3829947e+00
   1.3807078e+00
   1.3784230e+00
   1.3761402e+00
   1.3738595e+00
   1.3715808e+00
   1.3693043e+00
   1.3670297e+00
   1.3647573e+00
   1.3624869e+00
   1.3602186e+00
   1.3579524e+00
   1.3556883e+00
   1.3534262e+00
   1.3511663e+00
   1.3489084e+00
   1.3466527e+00
   1.3443990e+00
   1.3421475e+00
   1.3398980e+00
   1.3376507e+00
   1.3354055e+00
   1.3331624e+00
   1.3309214e+00
   1.3286826e+00
   1.3264458e+00
   1.3242112e+00
   1.3219788e+00
   1.3197484e+00
   1.3175202e+00
   1.3152942e+00
   1.3130702e+00
   1.3108485e+00
   1.3086289e+00
   1.3064114e+00
   1.3041961e+00
   1.3019829e+00
   1.2997719e+00
   1.2975631e+00
   1.2953564e+00
   1.2931519e+00
   1.2909496e+00
   1.2887495e+00
   1.2865515e+00
   1.2843557e+00
   1.2821621e+00
   1.2799706e+00
   1.2777814e+00
   1.2755943e+00
