   5.7955100e-01
   5.7955225e-01
   5.7955400e-01
   5.7955625e-01
   5.7955900e-01
   5.7956225e-01
   5.7956600e-01
   5.7957025e-01
   5.7957500e-01
   5.7958025e-01
   5.7958600e-01
   5.7959225e-01
   5.7959900e-01
   5.7960625e-01
   5.7961400e-01
   5.7962225e-01
   5.7963100e-01
   5.7964025e-01
   5.7965000e-01
   5.7966025e-01
   5.7967100e-01
   5.7968225e-01
   5.7969400e-01
   5.7970625e-01
   5.7971900e-01
   5.7973225e-01
   5.7974600e-01
   5.7976025e-01
   5.7977500e-01
   5.7979025e-01
   5.7980600e-01
   5.7982225e-01
   5.7983900e-01
   5.7985625e-01
   5.7987400e-01
   5.7989225e-01
   5.7991100e-01
   5.7993025e-01
   5.7995000e-01
   5.7997025e-01
   5.7999100e-01
   5.8001225e-01
   5.8003400e-01
   5.8005625e-01
   5.8007900e-01
   5.8010225e-01
   5.8012600e-01
   5.8015025e-01
   5.8017500e-01
   5.8020025e-01
   5.8022600e-01
   5.8025225e-01
   5.8027900e-01
   5.8030625e-01
   5.8033400e-01
   5.8036225e-01
   5.8039100e-01
   5.8042025e-01
   5.8045000e-01
   5.8048025e-01
   5.8051100e-01
   5.8054225e-01
   5.8057400e-01
   5.8060625e-01
   5.8063900e-01
   5.8067225e-01
   5.8070600e-01
   5.8074025e-01
   5.8077500e-01
   5.8081025e-01
   5.8084600e-01
   5.8088225e-01
   5.8091900e-01
   5.8095625e-01
   5.8099400e-01
   5.8103225e-01
   5.8107100e-01
   5.8111025e-01
   5.8115000e-01
   5.8119025e-01
   5.8123100e-01
   5.8127225e-01
   5.8131400e-01
   5.8135625e-01
   5.8139900e-01
   5.8144225e-01
   5.8148600e-01
   5.8153025e-01
   5.8157500e-01
   5.8162025e-01
   5.8166600e-01
   5.8171225e-01
   5.8175900e-01
   5.8180625e-01
   5.8185400e-01
   5.8190225e-01
   5.8195100e-01
   5.8200025e-01
   5.8205000e-01
   5.8210025e-01
   5.8215100e-01
   5.8220225e-01
   5.8225400e-01
   5.8230625e-01
   5.8235900e-01
   5.8241225e-01
   5.8246600e-01
   5.8252025e-01
   5.8257500e-01
   5.8263025e-01
   5.8268600e-01
   5.8274225e-01
   5.8279900e-01
   5.8285625e-01
   5.8291400e-01
   5.8297225e-01
   5.8303100e-01
   5.8309025e-01
   5.8315000e-01
   5.8321025e-01
   5.8327100e-01
   5.8333225e-01
   5.8339400e-01
   5.8345625e-01
   5.8351900e-01
   5.8358225e-01
   5.8364600e-01
   5.8371025e-01
   5.8377500e-01
   5.8384025e-01
   5.8390600e-01
   5.8397225e-01
   5.8403900e-01
   5.8410625e-01
   5.8417400e-01
   5.8424225e-01
   5.8431100e-01
   5.8438025e-01
   5.8445000e-01
   5.8452025e-01
   5.8459100e-01
   5.8466225e-01
   5.8473400e-01
   5.8480625e-01
   5.8487900e-01
   5.8495225e-01
   5.8502600e-01
   5.8510025e-01
   5.8517500e-01
   5.8525025e-01
   5.8532600e-01
   5.8540225e-01
   5.8547900e-01
   5.8555625e-01
   5.8563400e-01
   5.8571225e-01
   5.8579100e-01
   5.8587025e-01
   5.8595000e-01
   5.8603025e-01
   5.8611100e-01
   5.8619225e-01
   5.8627400e-01
   5.8635625e-01
   5.8643900e-01
   5.8652225e-01
   5.8660600e-01
   5.8669025e-01
   5.8677500e-01
   5.8686025e-01
   5.8694600e-01
   5.8703225e-01
   5.8711900e-01
   5.8720625e-01
   5.8729400e-01
   5.8738225e-01
   5.8747100e-01
   5.8756025e-01
   5.8765000e-01
   5.8774025e-01
   5.8783100e-01
   5.8792225e-01
   5.8801400e-01
   5.8810625e-01
   5.8819900e-01
   5.8829225e-01
   5.8838600e-01
   5.8848025e-01
   5.8857500e-01
   5.8867025e-01
   5.8876600e-01
   5.8886225e-01
   5.8895900e-01
   5.8905625e-01
   5.8915400e-01
   5.8925225e-01
   5.8935100e-01
   5.8945025e-01
   5.8955000e-01
   5.8965025e-01
   5.8975100e-01
   5.8985225e-01
   5.8995400e-01
   5.9005625e-01
   5.9015900e-01
   5.9026225e-01
   5.9036600e-01
   5.9047025e-01
   5.9057500e-01
   5.9068025e-01
   5.9078600e-01
   5.9089225e-01
   5.9099900e-01
   5.9110625e-01
   5.9121400e-01
   5.9132225e-01
   5.9143100e-01
   5.9154025e-01
   5.9165000e-01
   5.9176025e-01
   5.9187100e-01
   5.9198225e-01
   5.9209400e-01
   5.9220625e-01
   5.9231900e-01
   5.9243225e-01
   5.9254600e-01
   5.9266025e-01
   5.9277500e-01
   5.9289025e-01
   5.9300600e-01
   5.9312225e-01
   5.9323900e-01
   5.9335625e-01
   5.9347400e-01
   5.9359225e-01
   5.9371100e-01
   5.9383025e-01
   5.9395000e-01
   5.9407025e-01
   5.9419100e-01
   5.9431225e-01
   5.9443400e-01
   5.9455625e-01
   5.9467900e-01
   5.9480225e-01
   5.9492600e-01
   5.9505025e-01
   5.9517500e-01
   5.9530025e-01
   5.9542600e-01
   5.9555225e-01
   5.9567900e-01
   5.9580625e-01
   5.9593400e-01
   5.9606225e-01
   5.9619100e-01
   5.9632025e-01
   5.9645000e-01
   5.9658025e-01
   5.9671100e-01
   5.9684225e-01
   5.9697400e-01
   5.9710625e-01
   5.9723900e-01
   5.9737225e-01
   5.9750600e-01
   5.9764025e-01
   5.9777500e-01
   5.9791025e-01
   5.9804600e-01
   5.9818225e-01
   5.9831900e-01
   5.9845625e-01
   5.9859400e-01
   5.9873225e-01
   5.9887100e-01
   5.9901025e-01
   5.9915000e-01
   5.9929025e-01
   5.9943100e-01
   5.9957225e-01
   5.9971400e-01
   5.9985625e-01
   5.9999900e-01
   6.0014225e-01
   6.0028600e-01
   6.0043025e-01
   6.0057500e-01
   6.0072025e-01
   6.0086600e-01
   6.0101225e-01
   6.0115900e-01
   6.0130625e-01
   6.0145400e-01
   6.0160225e-01
   6.0175100e-01
   6.0190025e-01
   6.0205000e-01
   6.0220025e-01
   6.0235100e-01
   6.0250225e-01
   6.0265400e-01
   6.0280625e-01
   6.0295900e-01
   6.0311225e-01
   6.0326600e-01
   6.0342025e-01
   6.0357500e-01
   6.0373025e-01
   6.0388600e-01
   6.0404225e-01
   6.0419900e-01
   6.0435625e-01
   6.0451400e-01
   6.0467225e-01
   6.0483100e-01
   6.0499025e-01
   6.0515000e-01
   6.0531025e-01
   6.0547100e-01
   6.0563225e-01
   6.0579400e-01
   6.0595625e-01
   6.0611900e-01
   6.0628225e-01
   6.0644600e-01
   6.0661025e-01
   6.0677500e-01
   6.0694025e-01
   6.0710600e-01
   6.0727225e-01
   6.0743900e-01
   6.0760625e-01
   6.0777400e-01
   6.0794225e-01
   6.0811100e-01
   6.0828025e-01
   6.0845000e-01
   6.0862025e-01
   6.0879100e-01
   6.0896225e-01
   6.0913400e-01
   6.0930625e-01
   6.0947900e-01
   6.0965225e-01
   6.0982600e-01
   6.1000025e-01
   6.1017500e-01
   6.1035025e-01
   6.1052600e-01
   6.1070225e-01
   6.1087900e-01
   6.1105625e-01
   6.1123400e-01
   6.1141225e-01
   6.1159100e-01
   6.1177025e-01
   6.1195000e-01
   6.1213025e-01
   6.1231100e-01
   6.1249225e-01
   6.1267400e-01
   6.1285625e-01
   6.1303900e-01
   6.1322225e-01
   6.1340600e-01
   6.1359025e-01
   6.1377500e-01
   6.1396025e-01
   6.1414600e-01
   6.1433225e-01
   6.1451900e-01
   6.1470625e-01
   6.1489400e-01
   6.1508225e-01
   6.1527100e-01
   6.1546025e-01
   6.1565000e-01
   6.1584025e-01
   6.1603100e-01
   6.1622225e-01
   6.1641400e-01
   6.1660625e-01
   6.1679900e-01
   6.1699225e-01
   6.1718600e-01
   6.1738025e-01
   6.1757500e-01
   6.1777025e-01
   6.1796600e-01
   6.1816225e-01
   6.1835900e-01
   6.1855625e-01
   6.1875400e-01
   6.1895225e-01
   6.1915100e-01
   6.1935025e-01
   6.1955000e-01
   6.1975025e-01
   6.1995100e-01
   6.2015225e-01
   6.2035400e-01
   6.2055625e-01
   6.2075900e-01
   6.2096225e-01
   6.2116600e-01
   6.2137025e-01
   6.2157500e-01
   6.2178025e-01
   6.2198600e-01
   6.2219225e-01
   6.2239900e-01
   6.2260625e-01
   6.2281400e-01
   6.2302225e-01
   6.2323100e-01
   6.2344025e-01
   6.2365000e-01
   6.2386025e-01
   6.2407100e-01
   6.2428225e-01
   6.2449400e-01
   6.2470625e-01
   6.2491900e-01
   6.2513225e-01
   6.2534600e-01
   6.2556025e-01
   6.2577500e-01
   6.2599025e-01
   6.2620600e-01
   6.2642225e-01
   6.2663900e-01
   6.2685625e-01
   6.2707400e-01
   6.2729225e-01
   6.2751100e-01
   6.2773025e-01
   6.2795000e-01
   6.2817025e-01
   6.2839100e-01
   6.2861225e-01
   6.2883400e-01
   6.2905625e-01
   6.2927900e-01
   6.2950225e-01
   6.2972600e-01
   6.2995025e-01
   6.3017500e-01
   6.3040025e-01
   6.3062600e-01
   6.3085225e-01
   6.3107900e-01
   6.3130625e-01
   6.3153400e-01
   6.3176225e-01
   6.3199100e-01
   6.3222025e-01
   6.3245000e-01
   6.3268025e-01
   6.3291100e-01
   6.3314225e-01
   6.3337400e-01
   6.3360625e-01
   6.3383900e-01
   6.3407225e-01
   6.3430600e-01
   6.3454025e-01
   6.3477500e-01
   6.3501025e-01
   6.3524600e-01
   6.3548225e-01
   6.3571900e-01
   6.3595625e-01
   6.3619400e-01
   6.3643225e-01
   6.3667100e-01
   6.3691025e-01
   6.3715000e-01
   6.3739025e-01
   6.3763100e-01
   6.3787225e-01
   6.3811400e-01
   6.3835625e-01
   6.3859900e-01
   6.3884225e-01
   6.3908600e-01
   6.3933025e-01
   6.3957500e-01
   6.3982025e-01
   6.4006600e-01
   6.4031225e-01
   6.4055900e-01
   6.4080625e-01
   6.4105400e-01
   6.4130225e-01
   6.4155100e-01
   6.4180025e-01
   6.4205000e-01
   6.4230025e-01
   6.4255100e-01
   6.4280225e-01
   6.4305400e-01
   6.4330625e-01
   6.4355900e-01
   6.4381225e-01
   6.4406600e-01
   6.4432025e-01
   6.4457500e-01
   6.4483025e-01
   6.4508600e-01
   6.4534225e-01
   6.4559900e-01
   6.4585625e-01
   6.4611400e-01
   6.4637225e-01
   6.4663100e-01
   6.4689025e-01
   6.4715000e-01
   6.4741025e-01
   6.4767100e-01
   6.4793225e-01
   6.4819400e-01
   6.4845625e-01
   6.4871900e-01
   6.4898225e-01
   6.4924600e-01
   6.4951025e-01
   6.4977500e-01
   6.5004025e-01
   6.5030600e-01
   6.5057225e-01
   6.5083900e-01
   6.5110625e-01
   6.5137400e-01
   6.5164225e-01
   6.5191100e-01
   6.5218025e-01
   6.5245000e-01
   6.5272025e-01
   6.5299100e-01
   6.5326225e-01
   6.5353400e-01
   6.5380625e-01
   6.5407900e-01
   6.5435225e-01
   6.5462600e-01
   6.5490025e-01
   6.5517500e-01
   6.5545025e-01
   6.5572600e-01
   6.5600225e-01
   6.5627900e-01
   6.5655625e-01
   6.5683400e-01
   6.5711225e-01
   6.5739100e-01
   6.5767025e-01
   6.5795000e-01
   6.5823025e-01
   6.5851100e-01
   6.5879225e-01
   6.5907400e-01
   6.5935625e-01
   6.5963900e-01
   6.5992225e-01
   6.6020600e-01
   6.6049025e-01
   6.6077500e-01
   6.6106025e-01
   6.6134600e-01
   6.6163225e-01
   6.6191900e-01
   6.6220625e-01
   6.6249400e-01
   6.6278225e-01
   6.6307100e-01
   6.6336025e-01
   6.6365000e-01
   6.6394025e-01
   6.6423100e-01
   6.6452225e-01
   6.6481400e-01
   6.6510625e-01
   6.6539900e-01
   6.6569225e-01
   6.6598600e-01
   6.6628025e-01
   6.6657500e-01
   6.6687025e-01
   6.6716600e-01
   6.6746225e-01
   6.6775900e-01
   6.6805625e-01
   6.6835400e-01
   6.6865225e-01
   6.6895100e-01
   6.6925025e-01
   6.6955000e-01
   6.6985025e-01
   6.7015100e-01
   6.7045225e-01
   6.7075400e-01
   6.7105625e-01
   6.7135900e-01
   6.7166225e-01
   6.7196600e-01
   6.7227025e-01
   6.7257500e-01
   6.7288025e-01
   6.7318600e-01
   6.7349225e-01
   6.7379900e-01
   6.7410625e-01
   6.7441400e-01
   6.7472225e-01
   6.7503100e-01
   6.7534025e-01
   6.7565000e-01
   6.7596025e-01
   6.7627100e-01
   6.7658225e-01
   6.7689400e-01
   6.7720625e-01
   6.7751900e-01
   6.7783225e-01
   6.7814600e-01
   6.7846025e-01
   6.7877500e-01
   6.7909025e-01
   6.7940600e-01
   6.7972225e-01
   6.8003900e-01
   6.8035625e-01
   6.8067400e-01
   6.8099225e-01
   6.8131100e-01
   6.8163025e-01
   6.8195000e-01
   6.8227025e-01
   6.8259100e-01
   6.8291225e-01
   6.8323400e-01
   6.8355625e-01
   6.8387900e-01
   6.8420225e-01
   6.8452600e-01
   6.8485025e-01
   6.8517500e-01
   6.8550025e-01
   6.8582600e-01
   6.8615225e-01
   6.8647900e-01
   6.8680625e-01
   6.8713400e-01
   6.8746225e-01
   6.8779100e-01
   6.8812025e-01
   6.8845000e-01
   6.8878025e-01
   6.8911100e-01
   6.8944225e-01
   6.8977400e-01
   6.9010625e-01
   6.9043900e-01
   6.9077225e-01
   6.9110600e-01
   6.9144025e-01
   6.9177500e-01
   6.9211025e-01
   6.9244600e-01
   6.9278225e-01
   6.9311900e-01
   6.9345625e-01
   6.9379400e-01
   6.9413225e-01
   6.9447100e-01
   6.9481025e-01
   6.9515000e-01
   6.9549025e-01
   6.9583100e-01
   6.9617225e-01
   6.9651400e-01
   6.9685625e-01
   6.9719900e-01
   6.9754225e-01
   6.9788600e-01
   6.9823025e-01
   6.9857500e-01
   6.9892025e-01
   6.9926600e-01
   6.9961225e-01
   6.9995900e-01
   7.0030625e-01
   7.0065400e-01
   7.0100225e-01
   7.0135100e-01
   7.0170025e-01
   7.0205000e-01
   7.0240025e-01
   7.0275100e-01
   7.0310225e-01
   7.0345400e-01
   7.0380625e-01
   7.0415900e-01
   7.0451225e-01
   7.0486600e-01
   7.0522025e-01
   7.0557500e-01
   7.0593025e-01
   7.0628600e-01
   7.0664225e-01
   7.0699900e-01
   7.0735625e-01
   7.0771400e-01
   7.0807225e-01
   7.0843100e-01
   7.0879025e-01
   7.0915000e-01
   7.0951025e-01
   7.0987100e-01
   7.1023225e-01
   7.1059400e-01
   7.1095625e-01
   7.1131900e-01
   7.1168225e-01
   7.1204600e-01
   7.1241025e-01
   7.1277500e-01
   7.1314025e-01
   7.1350600e-01
   7.1387225e-01
   7.1423900e-01
   7.1460625e-01
   7.1497400e-01
   7.1534225e-01
   7.1571100e-01
   7.1608025e-01
   7.1645000e-01
   7.1682025e-01
   7.1719100e-01
   7.1756225e-01
   7.1793400e-01
   7.1830625e-01
   7.1867900e-01
   7.1905225e-01
   7.1942600e-01
   7.1980025e-01
   7.2017500e-01
   7.2055025e-01
   7.2092600e-01
   7.2130225e-01
   7.2167900e-01
   7.2205625e-01
   7.2243400e-01
   7.2281225e-01
   7.2319100e-01
   7.2357025e-01
   7.2395000e-01
   7.2433025e-01
   7.2471100e-01
   7.2509225e-01
   7.2547400e-01
   7.2585625e-01
   7.2623900e-01
   7.2662225e-01
   7.2700600e-01
   7.2739025e-01
   7.2777500e-01
   7.2816025e-01
   7.2854600e-01
   7.2893225e-01
   7.2931900e-01
   7.2970625e-01
   7.3009400e-01
   7.3048225e-01
   7.3087100e-01
   7.3126025e-01
   7.3165000e-01
   7.3204025e-01
   7.3243100e-01
   7.3282225e-01
   7.3321400e-01
   7.3360625e-01
   7.3399900e-01
   7.3439225e-01
   7.3478600e-01
   7.3518025e-01
   7.3557500e-01
   7.3597025e-01
   7.3636600e-01
   7.3676225e-01
   7.3715900e-01
   7.3755625e-01
   7.3795400e-01
   7.3835225e-01
   7.3875100e-01
   7.3915025e-01
   7.3955000e-01
   7.3995025e-01
   7.4035100e-01
   7.4075225e-01
   7.4115400e-01
   7.4155625e-01
   7.4195900e-01
   7.4236225e-01
   7.4276600e-01
   7.4317025e-01
   7.4357500e-01
   7.4398025e-01
   7.4438600e-01
   7.4479225e-01
   7.4519900e-01
   7.4560625e-01
   7.4601400e-01
   7.4642225e-01
   7.4683100e-01
   7.4724025e-01
   7.4765000e-01
   7.4806025e-01
   7.4847100e-01
   7.4888225e-01
   7.4929400e-01
   7.4970625e-01
   7.5011900e-01
   7.5053225e-01
   7.5094600e-01
   7.5136025e-01
   7.5177500e-01
   7.5219025e-01
   7.5260600e-01
   7.5302225e-01
   7.5343900e-01
   7.5385625e-01
   7.5427400e-01
   7.5469225e-01
   7.5511100e-01
   7.5553025e-01
   7.5595000e-01
   7.5637025e-01
   7.5679100e-01
   7.5721225e-01
   7.5763400e-01
   7.5805625e-01
   7.5847900e-01
   7.5890225e-01
   7.5932600e-01
   7.5975025e-01
   7.6017500e-01
   7.6060025e-01
   7.6102600e-01
   7.6145225e-01
   7.6187900e-01
   7.6230625e-01
   7.6273400e-01
   7.6316225e-01
   7.6359100e-01
   7.6402025e-01
   7.6445000e-01
   7.6488025e-01
   7.6531100e-01
   7.6574225e-01
   7.6617400e-01
   7.6660625e-01
   7.6703900e-01
   7.6747225e-01
   7.6790600e-01
   7.6834025e-01
   7.6877500e-01
   7.6921025e-01
   7.6964600e-01
   7.7008225e-01
   7.7051900e-01
   7.7095625e-01
   7.7139400e-01
   7.7183225e-01
   7.7227100e-01
   7.7271025e-01
   7.7315000e-01
   7.7359025e-01
   7.7403100e-01
   7.7447225e-01
   7.7491400e-01
   7.7535625e-01
   7.7579900e-01
   7.7624225e-01
   7.7668600e-01
   7.7713025e-01
   7.7757500e-01
   7.7802025e-01
   7.7846600e-01
   7.7891225e-01
   7.7935900e-01
   7.7980625e-01
   7.8025400e-01
   7.8070225e-01
   7.8115100e-01
   7.8160025e-01
   7.8205000e-01
   7.8250025e-01
   7.8295100e-01
   7.8340225e-01
   7.8385400e-01
   7.8430625e-01
   7.8475900e-01
   7.8521225e-01
   7.8566600e-01
   7.8612025e-01
   7.8657500e-01
   7.8703025e-01
   7.8748600e-01
   7.8794225e-01
   7.8839900e-01
   7.8885625e-01
   7.8931400e-01
   7.8977225e-01
   7.9023100e-01
   7.9069025e-01
   7.9115000e-01
   7.9161025e-01
   7.9207100e-01
   7.9253225e-01
   7.9299400e-01
   7.9345625e-01
   7.9391900e-01
   7.9438225e-01
   7.9484600e-01
   7.9531025e-01
   7.9577500e-01
   7.9624025e-01
   7.9670600e-01
   7.9717225e-01
   7.9763900e-01
   7.9810625e-01
   7.9857400e-01
   7.9904225e-01
   7.9951100e-01
   7.9998025e-01
   8.0045000e-01
   8.0092025e-01
   8.0139100e-01
   8.0186225e-01
   8.0233400e-01
   8.0280625e-01
   8.0327900e-01
   8.0375225e-01
   8.0422600e-01
   8.0470025e-01
   8.0517500e-01
   8.0565025e-01
   8.0612600e-01
   8.0660225e-01
   8.0707900e-01
   8.0755625e-01
   8.0803400e-01
   8.0851225e-01
   8.0899100e-01
   8.0947025e-01
   8.0995000e-01
   8.1043025e-01
   8.1091100e-01
   8.1139225e-01
   8.1187400e-01
   8.1235625e-01
   8.1283900e-01
   8.1332225e-01
   8.1380600e-01
   8.1429025e-01
   8.1477500e-01
   8.1526025e-01
   8.1574600e-01
   8.1623225e-01
   8.1671900e-01
   8.1720625e-01
   8.1769400e-01
   8.1818225e-01
   8.1867100e-01
   8.1916025e-01
   8.1965000e-01
   8.2014025e-01
   8.2063100e-01
   8.2112225e-01
   8.2161400e-01
   8.2210625e-01
   8.2259900e-01
   8.2309225e-01
   8.2358600e-01
   8.2408025e-01
   8.2457500e-01
   8.2507025e-01
   8.2556600e-01
   8.2606225e-01
   8.2655900e-01
   8.2705625e-01
   8.2755400e-01
   8.2805225e-01
   8.2855100e-01
   8.2905025e-01
   8.2955000e-01
   8.3005025e-01
   8.3055100e-01
   8.3105225e-01
   8.3155400e-01
   8.3205625e-01
   8.3255900e-01
   8.3306225e-01
   8.3356600e-01
   8.3407025e-01
   8.3457500e-01
   8.3508025e-01
   8.3558600e-01
   8.3609225e-01
   8.3659900e-01
   8.3710625e-01
   8.3761400e-01
   8.3812225e-01
   8.3863100e-01
   8.3914025e-01
   8.3965000e-01
   8.4016025e-01
   8.4067100e-01
   8.4118225e-01
   8.4169400e-01
   8.4220625e-01
   8.4271900e-01
   8.4323225e-01
   8.4374600e-01
   8.4426025e-01
   8.4477500e-01
   8.4529025e-01
   8.4580600e-01
   8.4632225e-01
   8.4683900e-01
   8.4735625e-01
   8.4787400e-01
   8.4839225e-01
   8.4891100e-01
   8.4943025e-01
   8.4995000e-01
   8.5047025e-01
   8.5099100e-01
   8.5151225e-01
   8.5203400e-01
   8.5255625e-01
   8.5307900e-01
   8.5360225e-01
   8.5412600e-01
   8.5465025e-01
   8.5517500e-01
   8.5570025e-01
   8.5622600e-01
   8.5675225e-01
   8.5727900e-01
   8.5780625e-01
   8.5833400e-01
   8.5886225e-01
   8.5939100e-01
   8.5992025e-01
   8.6045000e-01
   8.6098025e-01
   8.6151100e-01
   8.6204225e-01
   8.6257400e-01
   8.6310625e-01
   8.6363900e-01
   8.6417225e-01
   8.6470600e-01
   8.6524025e-01
   8.6577500e-01
   8.6631025e-01
   8.6684600e-01
   8.6738225e-01
   8.6791900e-01
   8.6845625e-01
   8.6899400e-01
   8.6953225e-01
   8.7007100e-01
   8.7061025e-01
   8.7115000e-01
   8.7169025e-01
   8.7223100e-01
   8.7277225e-01
   8.7331400e-01
   8.7385625e-01
   8.7439900e-01
   8.7494225e-01
   8.7548600e-01
   8.7603025e-01
   8.7657500e-01
   8.7712025e-01
   8.7766600e-01
   8.7821225e-01
   8.7875900e-01
   8.7930625e-01
   8.7985400e-01
   8.8040225e-01
   8.8095100e-01
   8.8150025e-01
   8.8205000e-01
   8.8260025e-01
   8.8315100e-01
   8.8370225e-01
   8.8425400e-01
   8.8480625e-01
   8.8535900e-01
   8.8591225e-01
   8.8646600e-01
   8.8702025e-01
   8.8757500e-01
   8.8813025e-01
   8.8868600e-01
   8.8924225e-01
   8.8979900e-01
   8.9035625e-01
   8.9091400e-01
   8.9147225e-01
   8.9203100e-01
   8.9259025e-01
   8.9315000e-01
   8.9371025e-01
   8.9427100e-01
   8.9483225e-01
   8.9539400e-01
   8.9595625e-01
   8.9651900e-01
   8.9708225e-01
   8.9764600e-01
   8.9821025e-01
   8.9877500e-01
   8.9934025e-01
   8.9990600e-01
   9.0047225e-01
   9.0103900e-01
   9.0160625e-01
   9.0217400e-01
   9.0274225e-01
   9.0331100e-01
   9.0388025e-01
   9.0445000e-01
   9.0502025e-01
   9.0559100e-01
   9.0616225e-01
   9.0673400e-01
   9.0730625e-01
   9.0787900e-01
   9.0845225e-01
   9.0902600e-01
   9.0960025e-01
   9.1017500e-01
   9.1075025e-01
   9.1132600e-01
   9.1190225e-01
   9.1247900e-01
   9.1305625e-01
   9.1363400e-01
   9.1421225e-01
   9.1479100e-01
   9.1537025e-01
   9.1595000e-01
   9.1653025e-01
   9.1711100e-01
   9.1769225e-01
   9.1827400e-01
   9.1885625e-01
   9.1943900e-01
   9.2002225e-01
   9.2060600e-01
   9.2119025e-01
   9.2177500e-01
   9.2236025e-01
   9.2294600e-01
   9.2353225e-01
   9.2411900e-01
   9.2470625e-01
   9.2529400e-01
   9.2588225e-01
   9.2647100e-01
   9.2706025e-01
   9.2765000e-01
   9.2824025e-01
   9.2883100e-01
   9.2942225e-01
   9.3001400e-01
   9.3060625e-01
   9.3119900e-01
   9.3179225e-01
   9.3238600e-01
   9.3298025e-01
   9.3357500e-01
   9.3417025e-01
   9.3476600e-01
   9.3536225e-01
   9.3595900e-01
   9.3655625e-01
   9.3715400e-01
   9.3775225e-01
   9.3835100e-01
   9.3895025e-01
   9.3955000e-01
   9.4015025e-01
   9.4075100e-01
   9.4135225e-01
   9.4195400e-01
   9.4255625e-01
   9.4315900e-01
   9.4376225e-01
   9.4436600e-01
   9.4497025e-01
   9.4557500e-01
   9.4618025e-01
   9.4678600e-01
   9.4739225e-01
   9.4799900e-01
   9.4860625e-01
   9.4921400e-01
   9.4982225e-01
   9.5043100e-01
   9.5104025e-01
   9.5165000e-01
   9.5226025e-01
   9.5287100e-01
   9.5348225e-01
   9.5409400e-01
   9.5470625e-01
   9.5531900e-01
   9.5593225e-01
   9.5654600e-01
   9.5716025e-01
   9.5777500e-01
   9.5839025e-01
   9.5900600e-01
   9.5962225e-01
   9.6023900e-01
   9.6085625e-01
   9.6147400e-01
   9.6209225e-01
   9.6271100e-01
   9.6333025e-01
   9.6395000e-01
   9.6457025e-01
   9.6519100e-01
   9.6581225e-01
   9.6643400e-01
   9.6705625e-01
   9.6767900e-01
   9.6830225e-01
   9.6892600e-01
   9.6955025e-01
   9.7017500e-01
   9.7080025e-01
   9.7142600e-01
   9.7205225e-01
   9.7267900e-01
   9.7330625e-01
   9.7393400e-01
   9.7456225e-01
   9.7519100e-01
   9.7582025e-01
   9.7645000e-01
   9.7708025e-01
   9.7771100e-01
   9.7834225e-01
   9.7897400e-01
   9.7960625e-01
   9.8023900e-01
   9.8087225e-01
   9.8150600e-01
   9.8214025e-01
   9.8277500e-01
   9.8341025e-01
   9.8404600e-01
   9.8468225e-01
   9.8531900e-01
   9.8595625e-01
   9.8659400e-01
   9.8723225e-01
   9.8787100e-01
   9.8851025e-01
   9.8915000e-01
   9.8979025e-01
   9.9043100e-01
   9.9107225e-01
   9.9171400e-01
   9.9235625e-01
   9.9299900e-01
   9.9364225e-01
   9.9428600e-01
   9.9493025e-01
   9.9557500e-01
   9.9622025e-01
   9.9686600e-01
   9.9751225e-01
   9.9815900e-01
   9.9880625e-01
   9.9945400e-01
   1.0001022e+00
   1.0007510e+00
   1.0014003e+00
   1.0020500e+00
   1.0027002e+00
   1.0033510e+00
   1.0040023e+00
   1.0046540e+00
   1.0053062e+00
   1.0059590e+00
   1.0066122e+00
   1.0072660e+00
   1.0079202e+00
   1.0085750e+00
   1.0092302e+00
   1.0098860e+00
   1.0105422e+00
   1.0111990e+00
   1.0118562e+00
   1.0125140e+00
   1.0131722e+00
   1.0138310e+00
   1.0144902e+00
   1.0151500e+00
   1.0158102e+00
   1.0164710e+00
   1.0171322e+00
   1.0177940e+00
   1.0184563e+00
   1.0191190e+00
   1.0197823e+00
   1.0204460e+00
   1.0211102e+00
   1.0217750e+00
   1.0224403e+00
   1.0231060e+00
   1.0237722e+00
   1.0244390e+00
   1.0251062e+00
   1.0257740e+00
   1.0264423e+00
   1.0271110e+00
   1.0277802e+00
   1.0284500e+00
   1.0291203e+00
   1.0297910e+00
   1.0304623e+00
   1.0311340e+00
   1.0318063e+00
   1.0324790e+00
   1.0331523e+00
   1.0338260e+00
   1.0345003e+00
   1.0351750e+00
   1.0358502e+00
   1.0365260e+00
   1.0372022e+00
   1.0378790e+00
   1.0385563e+00
   1.0392340e+00
   1.0399122e+00
   1.0405910e+00
   1.0412702e+00
   1.0419500e+00
   1.0426302e+00
   1.0433110e+00
   1.0439923e+00
   1.0446740e+00
   1.0453562e+00
   1.0460390e+00
   1.0467222e+00
   1.0474060e+00
   1.0480903e+00
   1.0487750e+00
   1.0494603e+00
   1.0501460e+00
   1.0508323e+00
   1.0515190e+00
   1.0522063e+00
   1.0528940e+00
   1.0535823e+00
   1.0542710e+00
   1.0549602e+00
   1.0556500e+00
   1.0563403e+00
   1.0570310e+00
   1.0577223e+00
   1.0584140e+00
   1.0591063e+00
   1.0597990e+00
   1.0604923e+00
   1.0611860e+00
   1.0618802e+00
   1.0625750e+00
   1.0632702e+00
   1.0639660e+00
   1.0646623e+00
   1.0653590e+00
   1.0660562e+00
   1.0667540e+00
   1.0674523e+00
   1.0681510e+00
   1.0688503e+00
   1.0695500e+00
   1.0702502e+00
   1.0709510e+00
   1.0716523e+00
   1.0723540e+00
   1.0730563e+00
   1.0737590e+00
   1.0744623e+00
   1.0751660e+00
   1.0758702e+00
   1.0765750e+00
   1.0772803e+00
   1.0779860e+00
   1.0786923e+00
   1.0793990e+00
   1.0801063e+00
   1.0808140e+00
   1.0815222e+00
   1.0822310e+00
   1.0829403e+00
   1.0836500e+00
   1.0843603e+00
   1.0850710e+00
   1.0857823e+00
   1.0864940e+00
   1.0872062e+00
   1.0879190e+00
   1.0886323e+00
   1.0893460e+00
   1.0900603e+00
   1.0907750e+00
   1.0914903e+00
   1.0922060e+00
   1.0929222e+00
   1.0936390e+00
   1.0943563e+00
   1.0950740e+00
   1.0957923e+00
   1.0965110e+00
   1.0972302e+00
   1.0979500e+00
   1.0986703e+00
   1.0993910e+00
   1.1001123e+00
   1.1008340e+00
   1.1015563e+00
   1.1022790e+00
   1.1030023e+00
   1.1037260e+00
   1.1044503e+00
   1.1051750e+00
   1.1059002e+00
   1.1066260e+00
   1.1073522e+00
   1.1080790e+00
   1.1088063e+00
   1.1095340e+00
   1.1102623e+00
   1.1109910e+00
   1.1117203e+00
   1.1124500e+00
   1.1131803e+00
   1.1139110e+00
   1.1146423e+00
   1.1153740e+00
   1.1161063e+00
   1.1168390e+00
   1.1175723e+00
   1.1183060e+00
   1.1190403e+00
   1.1197750e+00
   1.1205103e+00
   1.1212460e+00
   1.1219823e+00
   1.1227190e+00
   1.1234563e+00
   1.1241940e+00
   1.1249323e+00
   1.1256710e+00
   1.1264103e+00
   1.1271500e+00
   1.1278903e+00
   1.1286310e+00
   1.1293723e+00
   1.1301140e+00
   1.1308563e+00
   1.1315990e+00
   1.1323423e+00
   1.1330860e+00
   1.1338302e+00
   1.1345750e+00
   1.1353203e+00
   1.1360660e+00
   1.1368123e+00
   1.1375590e+00
   1.1383063e+00
   1.1390540e+00
   1.1398023e+00
   1.1405510e+00
   1.1413003e+00
   1.1420500e+00
   1.1428003e+00
   1.1435510e+00
   1.1443022e+00
   1.1450540e+00
   1.1458063e+00
   1.1465590e+00
   1.1473123e+00
   1.1480660e+00
   1.1488202e+00
   1.1495750e+00
   1.1503303e+00
   1.1510860e+00
   1.1518423e+00
   1.1525990e+00
   1.1533563e+00
   1.1541140e+00
   1.1548723e+00
   1.1556310e+00
   1.1563903e+00
   1.1571500e+00
   1.1579103e+00
   1.1586710e+00
   1.1594323e+00
   1.1601940e+00
   1.1609563e+00
   1.1617190e+00
   1.1624823e+00
   1.1632460e+00
   1.1640103e+00
   1.1647750e+00
   1.1655403e+00
   1.1663060e+00
   1.1670723e+00
   1.1678390e+00
   1.1686063e+00
   1.1693740e+00
   1.1701423e+00
   1.1709110e+00
   1.1716803e+00
   1.1724500e+00
   1.1732202e+00
   1.1739910e+00
   1.1747623e+00
   1.1755340e+00
   1.1763063e+00
   1.1770790e+00
   1.1778522e+00
   1.1786260e+00
   1.1794003e+00
   1.1801750e+00
   1.1809502e+00
   1.1817260e+00
   1.1825022e+00
   1.1832790e+00
   1.1840562e+00
   1.1848340e+00
   1.1856122e+00
   1.1863910e+00
   1.1871702e+00
   1.1879500e+00
   1.1887302e+00
   1.1895110e+00
   1.1902922e+00
   1.1910740e+00
   1.1918562e+00
   1.1926390e+00
   1.1934223e+00
   1.1942060e+00
   1.1949903e+00
   1.1957750e+00
   1.1965603e+00
   1.1973460e+00
   1.1981323e+00
   1.1989190e+00
   1.1997062e+00
   1.2004940e+00
   1.2012822e+00
   1.2020710e+00
   1.2028603e+00
   1.2036500e+00
   1.2044402e+00
   1.2052310e+00
   1.2060222e+00
   1.2068140e+00
   1.2076062e+00
   1.2083990e+00
   1.2091923e+00
   1.2099860e+00
   1.2107803e+00
   1.2115750e+00
   1.2123702e+00
   1.2131660e+00
   1.2139623e+00
   1.2147590e+00
   1.2155563e+00
   1.2163540e+00
   1.2171522e+00
   1.2179510e+00
   1.2187503e+00
   1.2195500e+00
   1.2203503e+00
   1.2211510e+00
   1.2219522e+00
   1.2227540e+00
   1.2235563e+00
   1.2243590e+00
   1.2251622e+00
   1.2259660e+00
   1.2267702e+00
   1.2275750e+00
   1.2283802e+00
   1.2291860e+00
   1.2299923e+00
   1.2307990e+00
   1.2316063e+00
   1.2324140e+00
   1.2332222e+00
   1.2340310e+00
   1.2348402e+00
   1.2356500e+00
   1.2364602e+00
   1.2372710e+00
   1.2380823e+00
   1.2388940e+00
   1.2397063e+00
   1.2405190e+00
   1.2413323e+00
   1.2421460e+00
   1.2429602e+00
   1.2437750e+00
   1.2445902e+00
   1.2454060e+00
   1.2462222e+00
   1.2470390e+00
   1.2478562e+00
   1.2486740e+00
   1.2494922e+00
   1.2503110e+00
   1.2511303e+00
   1.2519500e+00
   1.2527702e+00
   1.2535910e+00
   1.2544123e+00
   1.2552340e+00
   1.2560562e+00
   1.2568790e+00
   1.2577022e+00
   1.2585260e+00
   1.2593503e+00
   1.2601750e+00
   1.2610002e+00
   1.2618260e+00
   1.2626522e+00
   1.2634790e+00
   1.2643063e+00
   1.2651340e+00
   1.2659623e+00
   1.2667910e+00
   1.2676203e+00
   1.2684500e+00
   1.2692802e+00
   1.2701110e+00
   1.2709423e+00
   1.2717740e+00
   1.2726062e+00
   1.2734390e+00
   1.2742723e+00
   1.2751060e+00
   1.2759403e+00
   1.2767750e+00
   1.2776102e+00
   1.2784460e+00
   1.2792823e+00
   1.2801190e+00
   1.2809563e+00
   1.2817940e+00
   1.2826323e+00
   1.2834710e+00
   1.2843103e+00
   1.2851500e+00
   1.2859903e+00
   1.2868310e+00
   1.2876722e+00
   1.2885140e+00
   1.2893562e+00
   1.2901990e+00
   1.2910423e+00
   1.2918860e+00
   1.2927302e+00
   1.2935750e+00
   1.2944202e+00
   1.2952660e+00
   1.2961123e+00
   1.2969590e+00
   1.2978063e+00
   1.2986540e+00
   1.2995023e+00
   1.3003510e+00
   1.3012002e+00
   1.3020500e+00
   1.3029002e+00
   1.3037510e+00
   1.3046023e+00
   1.3054540e+00
   1.3063063e+00
   1.3071590e+00
   1.3080122e+00
   1.3088660e+00
   1.3097203e+00
   1.3105750e+00
   1.3114302e+00
   1.3122860e+00
   1.3131423e+00
   1.3139990e+00
   1.3148563e+00
   1.3157140e+00
   1.3165723e+00
   1.3174310e+00
   1.3182902e+00
   1.3191500e+00
   1.3200103e+00
   1.3208710e+00
   1.3217323e+00
   1.3225940e+00
   1.3234563e+00
   1.3243190e+00
   1.3251823e+00
   1.3260460e+00
   1.3269103e+00
   1.3277750e+00
   1.3286403e+00
   1.3295060e+00
   1.3303723e+00
   1.3312390e+00
   1.3321063e+00
   1.3329740e+00
   1.3338423e+00
   1.3347110e+00
   1.3355803e+00
   1.3364500e+00
   1.3373203e+00
   1.3381910e+00
   1.3390623e+00
   1.3399340e+00
   1.3408062e+00
   1.3416790e+00
   1.3425523e+00
   1.3434260e+00
   1.3443003e+00
   1.3451750e+00
   1.3460503e+00
   1.3469260e+00
   1.3478022e+00
   1.3486790e+00
   1.3495563e+00
   1.3504340e+00
   1.3513123e+00
   1.3521910e+00
   1.3530703e+00
   1.3539500e+00
   1.3548303e+00
   1.3557110e+00
   1.3565923e+00
   1.3574740e+00
   1.3583563e+00
   1.3592390e+00
   1.3601223e+00
   1.3610060e+00
   1.3618903e+00
   1.3627750e+00
   1.3636603e+00
   1.3645460e+00
   1.3654323e+00
   1.3663190e+00
   1.3672063e+00
   1.3680940e+00
   1.3689823e+00
   1.3698710e+00
   1.3707603e+00
   1.3716500e+00
   1.3725403e+00
   1.3734310e+00
   1.3743223e+00
   1.3752140e+00
   1.3761063e+00
   1.3769990e+00
   1.3778923e+00
   1.3787860e+00
   1.3796803e+00
   1.3805750e+00
   1.3814703e+00
   1.3823660e+00
   1.3832623e+00
   1.3841590e+00
   1.3850562e+00
   1.3859540e+00
   1.3868523e+00
   1.3877510e+00
   1.3886502e+00
   1.3895500e+00
   1.3904502e+00
   1.3913510e+00
   1.3922522e+00
   1.3931540e+00
   1.3940562e+00
   1.3949590e+00
   1.3958622e+00
   1.3967660e+00
   1.3976703e+00
   1.3985750e+00
   1.3994802e+00
   1.4003860e+00
   1.4012923e+00
   1.4021990e+00
   1.4031062e+00
   1.4040140e+00
   1.4049222e+00
   1.4058310e+00
   1.4067402e+00
   1.4076500e+00
   1.4085602e+00
   1.4094710e+00
   1.4103823e+00
   1.4112940e+00
   1.4122063e+00
   1.4131190e+00
   1.4140322e+00
   1.4149460e+00
   1.4158602e+00
   1.4167750e+00
   1.4176902e+00
   1.4186060e+00
   1.4195222e+00
   1.4204390e+00
   1.4213563e+00
   1.4222740e+00
   1.4231923e+00
   1.4241110e+00
   1.4250302e+00
   1.4259500e+00
   1.4268702e+00
   1.4277910e+00
   1.4287123e+00
   1.4296340e+00
   1.4305562e+00
   1.4314790e+00
   1.4324022e+00
   1.4333260e+00
   1.4342502e+00
   1.4351750e+00
   1.4361002e+00
   1.4370260e+00
   1.4379522e+00
   1.4388790e+00
   1.4398062e+00
   1.4407340e+00
   1.4416623e+00
   1.4425910e+00
   1.4435202e+00
   1.4444500e+00
   1.4453802e+00
   1.4463110e+00
   1.4472422e+00
   1.4481740e+00
   1.4491063e+00
   1.4500390e+00
   1.4509722e+00
   1.4519060e+00
   1.4528402e+00
   1.4537750e+00
   1.4547102e+00
   1.4556460e+00
   1.4565822e+00
   1.4575190e+00
   1.4584563e+00
   1.4593940e+00
   1.4603322e+00
   1.4612710e+00
   1.4622103e+00
   1.4631500e+00
   1.4640902e+00
   1.4650310e+00
   1.4659723e+00
   1.4669140e+00
   1.4678563e+00
   1.4687990e+00
   1.4697422e+00
   1.4706860e+00
   1.4716303e+00
   1.4725750e+00
   1.4735202e+00
   1.4744660e+00
   1.4754122e+00
   1.4763590e+00
   1.4773063e+00
   1.4782540e+00
   1.4792023e+00
   1.4801510e+00
   1.4811002e+00
   1.4820500e+00
   1.4830002e+00
   1.4839510e+00
   1.4849022e+00
   1.4858540e+00
   1.4868062e+00
   1.4877590e+00
   1.4887123e+00
   1.4896660e+00
   1.4906203e+00
   1.4915750e+00
   1.4925303e+00
   1.4934860e+00
   1.4944423e+00
   1.4953990e+00
   1.4963563e+00
   1.4973140e+00
   1.4982723e+00
   1.4992310e+00
   1.5001903e+00
   1.5011500e+00
   1.5021103e+00
   1.5030710e+00
   1.5040323e+00
   1.5049940e+00
   1.5059563e+00
   1.5069190e+00
   1.5078823e+00
   1.5088460e+00
   1.5098103e+00
   1.5107750e+00
   1.5117402e+00
   1.5127060e+00
   1.5136722e+00
   1.5146390e+00
   1.5156063e+00
   1.5165740e+00
   1.5175422e+00
   1.5185110e+00
   1.5194802e+00
   1.5204500e+00
   1.5214203e+00
   1.5223910e+00
   1.5233622e+00
   1.5243340e+00
   1.5253063e+00
   1.5262790e+00
   1.5272523e+00
   1.5282260e+00
   1.5292003e+00
   1.5301750e+00
   1.5311503e+00
   1.5321260e+00
   1.5331023e+00
   1.5340790e+00
   1.5350563e+00
   1.5360340e+00
   1.5370123e+00
   1.5379910e+00
   1.5389703e+00
   1.5399500e+00
   1.5409303e+00
   1.5419110e+00
   1.5428922e+00
   1.5438740e+00
   1.5448563e+00
   1.5458390e+00
   1.5468222e+00
   1.5478060e+00
   1.5487903e+00
   1.5497750e+00
   1.5507603e+00
   1.5517460e+00
   1.5527323e+00
   1.5537190e+00
   1.5547063e+00
   1.5556940e+00
   1.5566823e+00
   1.5576710e+00
   1.5586602e+00
   1.5596500e+00
   1.5606403e+00
   1.5616310e+00
   1.5626222e+00
   1.5636140e+00
   1.5646063e+00
   1.5655990e+00
   1.5665923e+00
   1.5675860e+00
   1.5685803e+00
   1.5695750e+00
   1.5705703e+00
   1.5715660e+00
   1.5725623e+00
   1.5735590e+00
   1.5745563e+00
   1.5755540e+00
   1.5765523e+00
   1.5775510e+00
   1.5785503e+00
   1.5795500e+00
   1.5805502e+00
