   6.3750000e-01  -1.6370000e+01   1.2750000e+00  -1.6280000e+01  -9.0000000e-02
   6.6250000e-01  -1.3350000e+01   1.3250000e+00  -1.2920000e+01  -4.3000000e-01
   6.7500000e-01  -1.2230000e+01   1.3500000e+00  -1.1580000e+01  -6.5000000e-01
   6.8750000e-01  -1.1390000e+01   1.3750000e+00  -1.0490000e+01  -9.0000000e-01
   7.0000000e-01  -1.0540000e+01   1.4000000e+00  -9.5480000e+00  -9.9200000e-01
   7.1250000e-01  -9.8320000e+00   1.4250000e+00  -8.7640000e+00  -1.0680000e+00
   7.2500000e-01  -8.9700000e+00   1.4500000e+00  -8.1360000e+00  -8.3400000e-01
   7.3750000e-01  -8.0020000e+00   1.4750000e+00  -7.5220000e+00  -4.8000000e-01
   7.5000000e-01  -6.9310000e+00   1.5000000e+00  -6.9710000e+00   4.0000000e-02
   7.6250000e-01  -5.8480000e+00   1.5250000e+00  -6.5440000e+00   6.9600000e-01
   7.7500000e-01  -4.6900000e+00   1.5500000e+00  -6.1730000e+00   1.4830000e+00
   7.8750000e-01  -3.7590000e+00   1.5750000e+00  -5.8040000e+00   2.0450000e+00
   8.0000000e-01  -2.8960000e+00   1.6000000e+00  -5.4590000e+00   2.5630000e+00
   8.1500000e-01  -3.1260000e+00   1.6300000e+00  -5.1310000e+00   2.0050000e+00
   8.2500000e-01  -3.5400000e+00   1.6500000e+00  -4.9540000e+00   1.4140000e+00
   8.3130000e-01  -3.8740000e+00   1.6626000e+00  -4.8490000e+00   9.7500000e-01
   8.5000000e-01  -4.8850000e+00   1.7000000e+00  -4.5540000e+00  -3.3100000e-01
   8.6250000e-01  -6.1130000e+00   1.7250000e+00  -4.3750000e+00  -1.7380000e+00
   8.7500000e-01  -6.1030000e+00   1.7500000e+00  -4.1470000e+00  -1.9560000e+00
   8.8500000e-01  -5.0810000e+00   1.7700000e+00  -4.0230000e+00  -1.0580000e+00
   9.0000000e-01  -4.2060000e+00   1.8000000e+00  -3.8030000e+00  -4.0300000e-01
   9.2500000e-01  -3.2510000e+00   1.8500000e+00  -3.5170000e+00   2.6600000e-01
   9.5000000e-01  -2.9280000e+00   1.9000000e+00  -3.2800000e+00   3.5200000e-01
   9.7500000e-01  -2.4010000e+00   1.9500000e+00  -3.0790000e+00   6.7800000e-01
   9.9260000e-01  -2.2320000e+00   1.9852000e+00  -2.9430000e+00   7.1100000e-01
   1.0000000e+00  -2.2360000e+00   2.0000000e+00  -2.8940000e+00   6.5800000e-01
   1.0250000e+00  -2.3570000e+00   2.0500000e+00  -2.7190000e+00   3.6200000e-01
   1.0500000e+00  -1.9760000e+00   2.1000000e+00  -2.5420000e+00   5.6600000e-01
   1.0750000e+00  -1.9100000e+00   2.1500000e+00  -2.3570000e+00   4.4700000e-01
   1.1000000e+00  -1.5710000e+00   2.2000000e+00  -2.2400000e+00   6.6900000e-01
   1.1250000e+00  -2.3160000e+00   2.2500000e+00  -2.1040000e+00  -2.1200000e-01
   1.1750000e+00  -2.0180000e+00   2.3500000e+00  -1.8610000e+00  -1.5700000e-01
